11 55
2 2 4 1 8 2 2
3 2 4 1 7 3 6
3 3 5 2 6 3 9
4 2 4 1 6 4 13
4 3 5 2 5 4 18
4 3 6 1 6 2 2 11
4 4 7 2 5 2 2 21
4 4 8 1 2 4 2 2 37
4 4 8 1 3 3 2 2 43
5 2 4 1 5 5 14
5 3 5 2 4 5 15
5 3 6 1 2 3 5 17
5 3 6 1 5 2 3 19
5 3 6 1 5 3 2 23
5 4 7 2 4 2 3 35
5 4 7 2 4 3 2 34
5 4 8 1 2 3 2 3 47
5 4 8 1 2 3 3 2 44
5 4 8 1 3 2 2 3 46
5 4 8 1 3 2 3 2 50
5 5 9 2 2 2 2 3 52
5 5 9 2 2 2 3 2 51
6 2 4 1 4 6 7
6 3 5 2 3 6 8
6 3 6 1 2 2 6 12
6 3 6 1 4 2 4 33
6 3 6 1 4 3 3 32
6 3 6 1 4 4 2 26
6 4 7 2 3 2 4 40
6 4 7 2 3 3 3 42
6 4 7 2 3 4 2 29
6 4 8 1 2 2 2 4 41
6 4 8 1 2 2 3 3 45
6 4 8 1 2 2 4 2 39
6 4 8 1 4 2 2 2 38
6 5 10 1 2 2 2 2 2 53
6 5 9 2 3 2 2 2 48
7 2 4 1 3 7 3
7 3 5 2 2 7 5
7 3 6 1 3 2 5 24
7 3 6 1 3 3 4 30
7 3 6 1 3 4 3 28
7 3 6 1 3 5 2 16
7 4 7 2 2 2 5 25
7 4 7 2 2 3 4 31
7 4 7 2 2 4 3 36
7 4 7 2 2 5 2 22
7 5 9 2 2 3 2 2 49
8 2 4 1 2 8 1
8 3 6 1 2 4 4 27
8 3 6 1 2 5 3 20
8 3 6 1 2 6 2 10
9 2 3 2 9 0
9 3 5 2 7 2 4
10 1 2 1 10 54
