17 987
2 2 4 1 14 2 2
3 2 4 1 13 3 6
3 3 5 2 12 3 9
4 2 4 1 12 4 13
4 3 5 2 11 4 18
4 3 6 1 12 2 2 11
4 4 7 2 11 2 2 21
4 4 8 1 2 10 2 2 42
4 4 8 1 3 9 2 2 60
5 2 4 1 11 5 26
5 3 5 2 10 5 35
5 3 6 1 11 2 3 19
5 3 6 1 11 3 2 23
5 3 6 1 2 9 5 74
5 4 7 2 10 2 3 39
5 4 7 2 10 3 2 38
5 4 8 1 2 9 2 3 73
5 4 8 1 2 9 3 2 76
5 4 8 1 3 8 2 3 110
5 4 8 1 3 8 3 2 108
5 4 8 1 4 7 2 3 179
5 4 8 1 4 7 3 2 177
5 4 8 1 5 6 2 3 292
5 5 9 2 2 8 2 3 135
5 5 9 2 2 8 3 2 140
5 5 9 2 3 7 2 3 197
6 2 4 1 10 6 49
6 3 5 2 9 6 65
6 3 6 1 10 2 4 36
6 3 6 1 10 3 3 37
6 3 6 1 10 4 2 45
6 3 6 1 2 8 6 136
6 3 6 1 3 7 6 188
6 4 7 2 9 2 4 69
6 4 7 2 9 3 3 71
6 4 7 2 9 4 2 68
6 4 8 1 10 2 2 2 43
6 4 8 1 2 8 2 4 128
6 4 8 1 2 8 3 3 131
6 4 8 1 2 8 4 2 138
6 4 8 1 3 7 2 4 196
6 4 8 1 3 7 3 3 192
6 4 8 1 3 7 4 2 190
6 4 8 1 4 6 2 4 308
6 4 8 1 4 6 3 3 304
6 4 8 1 4 6 4 2 302
6 4 8 1 5 5 2 4 473
6 4 8 1 5 5 3 3 469
6 4 8 1 5 5 4 2 467
6 4 8 1 6 4 2 4 439
6 4 8 1 6 4 3 3 385
6 4 8 1 7 3 2 4 262
6 5 10 1 2 2 6 2 4 383
6 5 10 1 2 8 2 2 2 144
6 5 10 1 3 7 2 2 2 198
6 5 10 1 4 6 2 2 2 310
6 5 10 1 5 5 2 2 2 475
6 5 10 1 6 4 2 2 2 432
6 5 10 1 7 3 2 2 2 256
6 5 10 1 8 2 2 2 2 145
6 5 9 2 2 7 2 4 227
6 5 9 2 2 7 3 3 233
6 5 9 2 2 7 4 2 243
6 5 9 2 3 6 2 4 337
6 5 9 2 3 6 3 3 330
6 5 9 2 3 6 4 2 326
6 5 9 2 4 5 2 4 498
6 5 9 2 4 5 3 3 491
6 5 9 2 5 4 2 4 595
6 5 9 2 9 2 2 2 78
6 6 11 2 2 7 2 2 2 255
6 6 11 2 3 6 2 2 2 341
6 6 11 2 4 5 2 2 2 502
6 6 11 2 5 4 2 2 2 597
6 6 11 2 6 3 2 2 2 399
6 6 11 2 7 2 2 2 2 254
6 6 12 1 2 2 6 2 2 2 431
6 6 12 1 2 3 5 2 2 2 551
6 6 12 1 2 4 4 2 2 2 734
6 6 12 1 3 2 5 2 2 2 671
7 2 4 1 9 7 90
7 3 5 2 8 7 119
7 3 6 1 2 7 7 163
7 3 6 1 3 6 7 166
7 3 6 1 4 5 7 172
7 3 6 1 9 2 5 66
7 3 6 1 9 3 4 67
7 3 6 1 9 4 3 70
7 3 6 1 9 5 2 84
7 4 7 2 2 6 7 167
7 4 7 2 8 2 5 123
7 4 7 2 8 3 4 125
7 4 7 2 8 4 3 126
7 4 7 2 8 5 2 122
7 4 8 1 2 7 2 5 219
7 4 8 1 2 7 3 4 223
7 4 8 1 2 7 4 3 232
7 4 8 1 2 7 5 2 241
7 4 8 1 3 6 2 5 336
7 4 8 1 3 6 3 4 329
7 4 8 1 3 6 4 3 325
7 4 8 1 3 6 5 2 323
7 4 8 1 4 5 2 5 497
7 4 8 1 4 5 3 4 490
7 4 8 1 4 5 4 3 486
7 4 8 1 4 5 5 2 477
7 4 8 1 5 4 2 5 680
7 4 8 1 5 4 3 4 602
7 4 8 1 5 4 4 3 578
7 4 8 1 5 4 5 2 505
7 4 8 1 6 3 2 5 440
7 4 8 1 6 3 3 4 386
7 4 8 1 6 3 4 3 374
7 4 8 1 6 3 5 2 363
7 4 8 1 7 2 2 5 263
7 4 8 1 7 2 3 4 234
7 4 8 1 7 2 4 3 224
7 4 8 1 9 2 2 3 81
7 4 8 1 9 2 3 2 72
7 4 8 1 9 3 2 2 80
7 5 10 1 2 2 5 2 5 590
7 5 10 1 2 2 5 3 4 585
7 5 10 1 2 2 5 4 3 611
7 5 10 1 2 3 4 2 5 691
7 5 10 1 2 3 4 3 4 753
7 5 10 1 2 4 3 2 5 694
7 5 10 1 2 7 2 2 3 253
7 5 10 1 2 7 2 3 2 238
7 5 10 1 2 7 3 2 2 246
7 5 10 1 3 2 4 2 5 692
7 5 10 1 3 6 2 2 3 340
7 5 10 1 3 6 2 3 2 338
7 5 10 1 3 6 3 2 2 331
7 5 10 1 4 5 2 2 3 501
7 5 10 1 4 5 2 3 2 499
7 5 10 1 4 5 3 2 2 492
7 5 10 1 5 4 2 2 3 656
7 5 10 1 5 4 2 3 2 673
7 5 10 1 5 4 3 2 2 606
7 5 10 1 6 3 2 2 3 423
7 5 10 1 6 3 2 3 2 433
7 5 10 1 6 3 3 2 2 388
7 5 10 1 7 2 2 2 3 252
7 5 10 1 7 2 2 3 2 257
7 5 10 1 7 2 3 2 2 237
7 5 9 2 2 6 2 5 371
7 5 9 2 2 6 3 4 376
7 5 9 2 2 6 4 3 391
7 5 9 2 2 6 5 2 404
7 5 9 2 3 5 2 5 541
7 5 9 2 3 5 3 4 529
7 5 9 2 3 5 4 3 522
7 5 9 2 3 5 5 2 478
7 5 9 2 4 4 2 5 690
7 5 9 2 4 4 3 4 715
7 5 9 2 4 4 4 3 710
7 5 9 2 4 4 5 2 506
7 5 9 2 5 3 2 5 619
7 5 9 2 5 3 3 4 603
7 5 9 2 5 3 4 3 582
7 5 9 2 6 2 2 5 421
7 5 9 2 6 2 3 4 394
7 5 9 2 8 2 2 3 143
7 5 9 2 8 2 3 2 134
7 5 9 2 8 3 2 2 133
7 6 11 2 2 6 2 2 3 428
7 6 11 2 2 6 2 3 2 401
7 6 11 2 2 6 3 2 2 413
7 6 11 2 3 5 2 2 3 549
7 6 11 2 3 5 2 3 2 545
7 6 11 2 3 5 3 2 2 533
7 6 11 2 4 4 2 2 3 732
7 6 11 2 4 4 2 3 2 728
7 6 11 2 4 4 3 2 2 719
7 6 11 2 5 3 2 2 3 623
7 6 11 2 5 3 2 3 2 621
7 6 11 2 5 3 3 2 2 608
7 6 11 2 6 2 2 2 3 426
7 6 11 2 6 2 2 3 2 425
7 6 11 2 6 2 3 2 2 400
7 6 12 1 2 2 5 2 2 3 665
7 6 12 1 2 2 5 2 3 2 626
7 6 12 1 2 2 5 3 2 2 641
7 6 12 1 2 3 4 2 2 3 784
7 6 12 1 2 3 4 2 3 2 778
7 6 12 1 2 3 4 3 2 2 761
7 6 12 1 2 4 3 2 2 3 859
7 6 12 1 2 4 3 2 3 2 857
7 6 12 1 2 4 3 3 2 2 823
7 6 12 1 2 5 2 2 2 3 661
7 6 12 1 2 5 2 2 3 2 664
7 6 12 1 2 5 2 3 2 2 625
7 6 12 1 3 2 4 2 2 3 885
7 6 12 1 3 2 4 2 3 2 851
7 6 12 1 3 2 4 3 2 2 861
7 6 12 1 3 3 3 2 2 3 927
7 6 12 1 3 3 3 2 3 2 925
7 6 12 1 3 3 3 3 2 2 922
7 6 12 1 3 4 2 2 2 3 785
7 6 12 1 3 4 2 2 3 2 783
7 6 12 1 4 2 3 2 2 3 847
7 6 12 1 4 2 3 2 3 2 844
7 6 12 1 4 3 2 2 2 3 892
7 7 13 2 2 2 4 2 2 3 886
7 7 13 2 2 2 4 2 3 2 852
7 7 13 2 2 2 4 3 2 2 862
7 7 13 2 2 3 3 2 2 3 944
7 7 13 2 2 3 3 2 3 2 939
7 7 13 2 2 4 2 2 2 3 881
7 7 13 2 3 2 3 2 2 3 961
8 2 4 1 8 8 91
8 3 5 2 7 8 92
8 3 6 1 2 6 8 94
8 3 6 1 3 5 8 97
8 3 6 1 4 4 8 103
8 3 6 1 5 3 8 114
8 3 6 1 8 2 6 120
8 3 6 1 8 3 5 121
8 3 6 1 8 4 4 124
8 3 6 1 8 5 3 129
8 3 6 1 8 6 2 153
8 4 7 2 2 5 8 98
8 4 7 2 3 4 8 104
8 4 7 2 7 2 6 214
8 4 7 2 7 3 5 216
8 4 7 2 7 4 4 221
8 4 7 2 7 5 3 217
8 4 7 2 7 6 2 213
8 4 8 1 2 6 2 6 366
8 4 8 1 2 6 3 5 364
8 4 8 1 2 6 4 4 373
8 4 8 1 2 6 5 3 390
8 4 8 1 2 6 6 2 284
8 4 8 1 3 5 2 6 449
8 4 8 1 3 5 3 5 528
8 4 8 1 3 5 4 4 521
8 4 8 1 3 5 5 3 471
8 4 8 1 3 5 6 2 294
8 4 8 1 4 4 2 6 451
8 4 8 1 4 4 3 5 563
8 4 8 1 4 4 4 4 709
8 4 8 1 4 4 5 3 494
8 4 8 1 4 4 6 2 312
8 4 8 1 5 3 2 6 454
8 4 8 1 5 3 3 5 566
8 4 8 1 5 3 4 4 581
8 4 8 1 5 3 5 3 536
8 4 8 1 5 3 6 2 344
8 4 8 1 6 2 2 6 441
8 4 8 1 6 2 3 5 393
8 4 8 1 6 2 4 4 377
8 4 8 1 6 2 5 3 368
8 4 8 1 6 2 6 2 365
8 4 8 1 8 2 2 4 149
8 4 8 1 8 2 3 3 132
8 4 8 1 8 2 4 2 127
8 4 8 1 8 3 2 3 148
8 4 8 1 8 3 3 2 130
8 4 8 1 8 4 2 2 147
8 5 10 1 2 2 4 2 6 453
8 5 10 1 2 2 4 3 5 565
8 5 10 1 2 2 4 4 4 714
8 5 10 1 2 2 4 5 3 496
8 5 10 1 2 2 4 6 2 314
8 5 10 1 2 3 3 2 6 456
8 5 10 1 2 3 3 3 5 568
8 5 10 1 2 3 3 4 4 743
8 5 10 1 2 3 3 5 3 538
8 5 10 1 2 4 2 2 6 460
8 5 10 1 2 4 2 3 5 572
8 5 10 1 2 4 2 4 4 746
8 5 10 1 2 6 2 2 4 427
8 5 10 1 2 6 2 3 3 396
8 5 10 1 2 6 2 4 2 382
8 5 10 1 2 6 3 2 3 412
8 5 10 1 2 6 3 3 2 389
8 5 10 1 2 6 4 2 2 407
8 5 10 1 3 2 3 2 6 457
8 5 10 1 3 2 3 3 5 569
8 5 10 1 3 2 3 4 4 744
8 5 10 1 3 3 2 2 6 461
8 5 10 1 3 3 2 3 5 573
8 5 10 1 3 5 2 2 4 548
8 5 10 1 3 5 2 3 3 544
8 5 10 1 3 5 2 4 2 542
8 5 10 1 3 5 3 2 3 532
8 5 10 1 3 5 3 3 2 530
8 5 10 1 3 5 4 2 2 523
8 5 10 1 4 2 2 2 6 463
8 5 10 1 4 4 2 2 4 731
8 5 10 1 4 4 2 3 3 727
8 5 10 1 4 4 2 4 2 725
8 5 10 1 4 4 3 2 3 718
8 5 10 1 4 4 3 3 2 716
8 5 10 1 4 4 4 2 2 711
8 5 10 1 5 3 2 2 4 652
8 5 10 1 5 3 2 3 3 657
8 5 10 1 5 3 2 4 2 674
8 5 10 1 5 3 3 2 3 607
8 5 10 1 5 3 3 3 2 604
8 5 10 1 5 3 4 2 2 583
8 5 10 1 6 2 2 2 4 422
8 5 10 1 6 2 2 3 3 424
8 5 10 1 6 2 2 4 2 434
8 5 10 1 6 2 3 2 3 398
8 5 10 1 6 2 3 3 2 395
8 5 10 1 6 2 4 2 2 381
8 5 9 2 2 5 2 6 450
8 5 9 2 2 5 3 5 562
8 5 9 2 2 5 4 4 580
8 5 9 2 2 5 5 3 472
8 5 9 2 2 5 6 2 295
8 5 9 2 3 4 2 6 452
8 5 9 2 3 4 3 5 564
8 5 9 2 3 4 4 4 713
8 5 9 2 3 4 5 3 495
8 5 9 2 3 4 6 2 313
8 5 9 2 4 3 2 6 455
8 5 9 2 4 3 3 5 567
8 5 9 2 4 3 4 4 742
8 5 9 2 4 3 5 3 537
8 5 9 2 4 3 6 2 345
8 5 9 2 5 2 2 6 459
8 5 9 2 5 2 3 5 571
8 5 9 2 5 2 4 4 591
8 5 9 2 5 2 5 3 587
8 5 9 2 5 2 6 2 442
8 5 9 2 7 2 2 4 251
8 5 9 2 7 2 3 3 235
8 5 9 2 7 2 4 2 226
8 5 9 2 7 3 2 3 236
8 5 9 2 7 3 3 2 231
8 5 9 2 7 4 2 2 225
8 6 11 2 2 2 3 2 6 458
8 6 11 2 2 2 3 3 5 570
8 6 11 2 2 3 2 2 6 462
8 6 11 2 2 5 2 2 4 663
8 6 11 2 2 5 2 3 3 618
8 6 11 2 2 5 2 4 2 599
8 6 11 2 2 5 3 2 3 639
8 6 11 2 2 5 3 3 2 610
8 6 11 2 2 5 4 2 2 631
8 6 11 2 3 4 2 2 4 782
8 6 11 2 3 4 2 3 3 776
8 6 11 2 3 4 2 4 2 772
8 6 11 2 3 4 3 2 3 759
8 6 11 2 3 4 3 3 2 755
8 6 11 2 3 4 4 2 2 735
8 6 11 2 4 3 2 2 4 846
8 6 11 2 4 3 2 3 3 843
8 6 11 2 4 3 2 4 2 841
8 6 11 2 4 3 3 2 3 821
8 6 11 2 4 3 3 3 2 818
8 6 11 2 4 3 4 2 2 789
8 6 11 2 5 2 2 2 4 655
8 6 11 2 5 2 2 3 3 659
8 6 11 2 5 2 2 4 2 654
8 6 11 2 5 2 3 2 3 622
8 6 11 2 5 2 3 3 2 617
8 6 11 2 5 2 4 2 2 598
8 6 12 1 2 2 4 2 2 4 883
8 6 12 1 2 2 4 2 3 3 840
8 6 12 1 2 2 4 2 4 2 834
8 6 12 1 2 2 4 3 2 3 858
8 6 12 1 2 2 4 3 3 2 824
8 6 12 1 2 2 4 4 2 2 736
8 6 12 1 2 3 3 2 2 4 914
8 6 12 1 2 3 3 2 3 3 936
8 6 12 1 2 3 3 2 4 2 902
8 6 12 1 2 3 3 3 2 3 926
8 6 12 1 2 3 3 3 3 2 923
8 6 12 1 2 3 3 4 2 2 790
8 6 12 1 2 4 2 2 2 4 874
8 6 12 1 2 4 2 2 3 3 876
8 6 12 1 2 4 2 2 4 2 882
8 6 12 1 2 4 2 3 2 3 845
8 6 12 1 2 4 2 3 3 2 839
8 6 12 1 2 4 2 4 2 2 833
8 6 12 1 2 6 2 2 2 2 429
8 6 12 1 3 2 3 2 2 4 915
8 6 12 1 3 2 3 2 3 3 954
8 6 12 1 3 2 3 2 4 2 903
8 6 12 1 3 2 3 3 2 3 940
8 6 12 1 3 2 3 3 3 2 930
8 6 12 1 3 2 3 4 2 2 791
8 6 12 1 3 3 2 2 2 4 917
8 6 12 1 3 3 2 2 3 3 942
8 6 12 1 3 3 2 2 4 2 905
8 6 12 1 3 3 2 3 2 3 937
8 6 12 1 3 3 2 3 3 2 935
8 6 12 1 3 3 2 4 2 2 898
8 6 12 1 3 5 2 2 2 2 550
8 6 12 1 4 2 2 2 2 4 895
8 6 12 1 4 2 2 2 3 3 878
8 6 12 1 4 2 2 2 4 2 873
8 6 12 1 4 2 2 3 2 3 894
8 6 12 1 4 2 2 3 3 2 875
8 6 12 1 4 2 2 4 2 2 893
8 6 12 1 4 4 2 2 2 2 733
8 6 12 1 5 3 2 2 2 2 668
8 6 12 1 6 2 2 2 2 2 430
8 7 13 2 2 2 3 2 2 4 916
8 7 13 2 2 2 3 2 3 3 955
8 7 13 2 2 2 3 2 4 2 904
8 7 13 2 2 2 3 3 2 3 941
8 7 13 2 2 2 3 3 3 2 931
8 7 13 2 2 2 3 4 2 2 792
8 7 13 2 2 3 2 2 2 4 918
8 7 13 2 2 3 2 2 3 3 956
8 7 13 2 2 3 2 2 4 2 906
8 7 13 2 2 3 2 3 2 3 966
8 7 13 2 2 3 2 3 3 2 951
8 7 13 2 2 3 2 4 2 2 899
8 7 13 2 2 5 2 2 2 2 667
8 7 13 2 3 2 2 2 2 4 919
8 7 13 2 3 2 2 2 3 3 957
8 7 13 2 3 2 2 2 4 2 907
8 7 13 2 3 2 2 3 2 3 960
8 7 13 2 3 2 2 3 3 2 952
8 7 13 2 3 4 2 2 2 2 786
8 7 13 2 4 3 2 2 2 2 848
8 7 13 2 5 2 2 2 2 2 666
8 7 14 1 2 2 2 2 2 2 4 920
8 7 14 1 2 2 2 2 2 3 3 958
8 7 14 1 2 2 4 2 2 2 2 890
8 7 14 1 2 3 3 2 2 2 2 947
8 7 14 1 2 4 2 2 2 2 2 888
8 7 14 1 3 2 3 2 2 2 2 977
8 7 14 1 3 3 2 2 2 2 2 946
8 7 14 1 4 2 2 2 2 2 2 889
8 8 15 2 2 2 3 2 2 2 2 980
8 8 15 2 2 3 2 2 2 2 2 976
8 8 15 2 3 2 2 2 2 2 2 975
8 8 16 1 2 2 2 2 2 2 2 2 985
9 2 4 1 7 9 50
9 3 5 2 6 9 51
9 3 6 1 2 5 9 53
9 3 6 1 3 4 9 56
9 3 6 1 4 3 9 62
9 3 6 1 5 2 9 85
9 3 6 1 7 2 7 212
9 3 6 1 7 3 6 211
9 3 6 1 7 4 5 215
9 3 6 1 7 5 4 220
9 3 6 1 7 6 3 228
9 3 6 1 7 7 2 162
9 4 7 2 2 4 9 57
9 4 7 2 3 3 9 63
9 4 7 2 4 2 9 86
9 4 7 2 6 2 7 269
9 4 7 2 6 3 6 349
9 4 7 2 6 4 5 362
9 4 7 2 6 5 4 367
9 4 7 2 6 6 3 282
9 4 7 2 6 7 2 165
9 4 8 1 2 5 2 7 270
9 4 8 1 2 5 3 6 350
9 4 8 1 2 5 4 5 510
9 4 8 1 2 5 5 4 468
9 4 8 1 2 5 6 3 291
9 4 8 1 2 5 7 2 171
9 4 8 1 3 4 2 7 271
9 4 8 1 3 4 3 6 351
9 4 8 1 3 4 4 5 511
9 4 8 1 3 4 5 4 488
9 4 8 1 3 4 6 3 306
9 4 8 1 3 4 7 2 181
9 4 8 1 4 3 2 7 273
9 4 8 1 4 3 3 6 353
9 4 8 1 4 3 4 5 513
9 4 8 1 4 3 5 4 525
9 4 8 1 4 3 6 3 333
9 4 8 1 4 3 7 2 200
9 4 8 1 5 2 2 7 276
9 4 8 1 5 2 3 6 356
9 4 8 1 5 2 4 5 516
9 4 8 1 5 2 5 4 586
9 4 8 1 5 2 6 3 416
9 4 8 1 5 2 7 2 264
9 4 8 1 7 2 5 2 218
9 4 8 1 7 3 3 3 230
9 4 8 1 7 3 4 2 222
9 4 8 1 7 4 2 3 261
9 4 8 1 7 4 3 2 229
9 4 8 1 7 5 2 2 260
9 5 10 1 2 2 3 2 7 275
9 5 10 1 2 2 3 3 6 355
9 5 10 1 2 2 3 4 5 515
9 5 10 1 2 2 3 5 4 527
9 5 10 1 2 2 3 6 3 335
9 5 10 1 2 2 3 7 2 202
9 5 10 1 2 3 2 2 7 278
9 5 10 1 2 3 2 3 6 358
9 5 10 1 2 3 2 4 5 518
9 5 10 1 2 3 2 5 4 635
9 5 10 1 2 3 2 6 3 418
9 5 10 1 2 3 2 7 2 266
9 5 10 1 2 5 2 2 5 662
9 5 10 1 2 5 2 3 4 615
9 5 10 1 2 5 2 4 3 594
9 5 10 1 2 5 2 5 2 589
9 5 10 1 2 5 3 2 4 638
9 5 10 1 2 5 3 3 3 605
9 5 10 1 2 5 3 4 2 584
9 5 10 1 2 5 4 2 3 630
9 5 10 1 2 5 4 3 2 609
9 5 10 1 2 5 5 2 2 476
9 5 10 1 3 2 2 2 7 279
9 5 10 1 3 2 2 3 6 359
9 5 10 1 3 2 2 4 5 519
9 5 10 1 3 2 2 5 4 636
9 5 10 1 3 2 2 6 3 419
9 5 10 1 3 4 2 2 5 700
9 5 10 1 3 4 2 3 4 775
9 5 10 1 3 4 2 4 3 771
9 5 10 1 3 4 2 5 2 681
9 5 10 1 3 4 3 2 4 758
9 5 10 1 3 4 3 3 3 754
9 5 10 1 3 4 3 4 2 752
9 5 10 1 3 4 4 2 3 729
9 5 10 1 3 4 4 3 2 720
9 5 10 1 3 4 5 2 2 503
9 5 10 1 4 3 2 2 5 702
9 5 10 1 4 3 2 3 4 810
9 5 10 1 4 3 2 4 3 866
9 5 10 1 4 3 2 5 2 683
9 5 10 1 4 3 3 2 4 820
9 5 10 1 4 3 3 3 3 817
9 5 10 1 4 3 3 4 2 794
9 5 10 1 4 3 4 2 3 779
9 5 10 1 4 3 4 3 2 762
9 5 10 1 4 3 5 2 2 552
9 5 10 1 5 2 2 2 5 651
9 5 10 1 5 2 2 3 4 653
9 5 10 1 5 2 2 4 3 658
9 5 10 1 5 2 2 5 2 675
9 5 10 1 5 2 3 2 4 620
9 5 10 1 5 2 3 3 3 616
9 5 10 1 5 2 3 4 2 614
9 5 10 1 5 2 4 2 3 596
9 5 10 1 5 2 4 3 2 593
9 5 10 1 5 2 5 2 2 588
9 5 9 2 2 4 2 7 272
9 5 9 2 2 4 3 6 352
9 5 9 2 2 4 4 5 512
9 5 9 2 2 4 5 4 489
9 5 9 2 2 4 6 3 307
9 5 9 2 2 4 7 2 182
9 5 9 2 3 3 2 7 274
9 5 9 2 3 3 3 6 354
9 5 9 2 3 3 4 5 514
9 5 9 2 3 3 5 4 526
9 5 9 2 3 3 6 3 334
9 5 9 2 3 3 7 2 201
9 5 9 2 4 2 2 7 277
9 5 9 2 4 2 3 6 357
9 5 9 2 4 2 4 5 517
9 5 9 2 4 2 5 4 634
9 5 9 2 4 2 6 3 417
9 5 9 2 4 2 7 2 265
9 5 9 2 6 2 4 3 379
9 5 9 2 6 2 5 2 370
9 5 9 2 6 3 2 4 397
9 5 9 2 6 3 3 3 387
9 5 9 2 6 3 4 2 375
9 5 9 2 6 4 2 3 380
9 5 9 2 6 4 3 2 378
9 5 9 2 6 5 2 2 369
9 6 11 2 2 2 2 2 7 280
9 6 11 2 2 2 2 3 6 360
9 6 11 2 2 2 2 4 5 520
9 6 11 2 2 2 2 5 4 637
9 6 11 2 2 4 2 2 5 701
9 6 11 2 2 4 2 3 4 809
9 6 11 2 2 4 2 4 3 829
9 6 11 2 2 4 2 5 2 682
9 6 11 2 2 4 3 2 4 856
9 6 11 2 2 4 3 3 3 819
9 6 11 2 2 4 3 4 2 793
9 6 11 2 2 4 4 2 3 730
9 6 11 2 2 4 4 3 2 721
9 6 11 2 2 4 5 2 2 504
9 6 11 2 3 3 2 2 5 703
9 6 11 2 3 3 2 3 4 811
9 6 11 2 3 3 2 4 3 867
9 6 11 2 3 3 2 5 2 684
9 6 11 2 3 3 3 2 4 909
9 6 11 2 3 3 3 3 3 921
9 6 11 2 3 3 3 4 2 795
9 6 11 2 3 3 4 2 3 780
9 6 11 2 3 3 4 3 2 763
9 6 11 2 3 3 5 2 2 553
9 6 11 2 4 2 2 2 5 705
9 6 11 2 4 2 2 3 4 813
9 6 11 2 4 2 2 4 3 869
9 6 11 2 4 2 2 5 2 686
9 6 11 2 4 2 3 2 4 842
9 6 11 2 4 2 3 3 3 837
9 6 11 2 4 2 3 4 2 797
9 6 11 2 4 2 4 2 3 831
9 6 11 2 4 2 4 3 2 828
9 6 11 2 4 2 5 2 2 676
9 6 12 1 2 2 3 2 2 5 704
9 6 12 1 2 2 3 2 3 4 812
9 6 12 1 2 2 3 2 4 3 868
9 6 12 1 2 2 3 2 5 2 685
9 6 12 1 2 2 3 3 2 4 910
9 6 12 1 2 2 3 3 3 3 924
9 6 12 1 2 2 3 3 4 2 796
9 6 12 1 2 2 3 4 2 3 781
9 6 12 1 2 2 3 4 3 2 764
9 6 12 1 2 2 3 5 2 2 554
9 6 12 1 2 3 2 2 2 5 706
9 6 12 1 2 3 2 2 3 4 814
9 6 12 1 2 3 2 2 4 3 870
9 6 12 1 2 3 2 2 5 2 687
9 6 12 1 2 3 2 3 2 4 911
9 6 12 1 2 3 2 3 3 3 932
9 6 12 1 2 3 2 3 4 2 798
9 6 12 1 2 3 2 4 2 3 853
9 6 12 1 2 3 2 4 3 2 863
9 6 12 1 2 3 2 5 2 2 677
9 6 12 1 2 5 3 2 2 2 640
9 6 12 1 3 2 2 2 2 5 707
9 6 12 1 3 2 2 2 3 4 815
9 6 12 1 3 2 2 2 4 3 871
9 6 12 1 3 2 2 2 5 2 688
9 6 12 1 3 2 2 3 2 4 912
9 6 12 1 3 2 2 3 3 3 933
9 6 12 1 3 2 2 3 4 2 799
9 6 12 1 3 2 2 4 2 3 854
9 6 12 1 3 2 2 4 3 2 864
9 6 12 1 3 2 2 5 2 2 678
9 6 12 1 3 4 2 3 2 2 777
9 6 12 1 3 4 3 2 2 2 760
9 6 12 1 4 3 2 2 3 2 877
9 6 12 1 4 3 2 3 2 2 891
9 6 12 1 4 3 3 2 2 2 822
9 6 12 1 5 2 2 2 2 3 670
9 6 12 1 5 2 2 2 3 2 660
9 6 12 1 5 2 2 3 2 2 669
9 6 12 1 5 2 3 2 2 2 624
9 7 13 2 2 2 2 2 2 5 708
9 7 13 2 2 2 2 2 3 4 816
9 7 13 2 2 2 2 2 4 3 872
9 7 13 2 2 2 2 2 5 2 689
9 7 13 2 2 2 2 3 2 4 913
9 7 13 2 2 2 2 3 3 3 934
9 7 13 2 2 2 2 3 4 2 800
9 7 13 2 2 2 2 4 2 3 855
9 7 13 2 2 2 2 4 3 2 865
9 7 13 2 2 2 2 5 2 2 679
9 7 13 2 2 4 2 2 3 2 884
9 7 13 2 2 4 2 3 2 2 850
9 7 13 2 2 4 3 2 2 2 860
9 7 13 2 3 3 2 2 2 3 945
9 7 13 2 3 3 2 2 3 2 943
9 7 13 2 3 3 2 3 2 2 938
9 7 13 2 3 3 3 2 2 2 928
9 7 13 2 4 2 2 2 2 3 887
9 7 13 2 4 2 2 2 3 2 880
9 7 13 2 4 2 2 3 2 2 879
9 7 13 2 4 2 3 2 2 2 849
9 7 14 1 2 2 3 2 2 2 3 974
9 7 14 1 2 2 3 2 2 3 2 964
9 7 14 1 2 2 3 2 3 2 2 968
9 7 14 1 2 2 3 3 2 2 2 948
9 7 14 1 2 3 2 2 2 2 3 972
9 7 14 1 2 3 2 2 2 3 2 973
9 7 14 1 2 3 2 2 3 2 2 963
9 7 14 1 2 3 2 3 2 2 2 967
9 7 14 1 3 2 2 2 2 2 3 979
9 7 14 1 3 2 2 2 2 3 2 971
9 7 14 1 3 2 2 2 3 2 2 978
9 7 14 1 3 2 2 3 2 2 2 962
9 8 15 2 2 2 2 2 2 2 3 984
9 8 15 2 2 2 2 2 2 3 2 983
9 8 15 2 2 2 2 2 3 2 2 982
9 8 15 2 2 2 2 3 2 2 2 981
10 2 4 1 6 10 27
10 3 5 2 5 10 28
10 3 6 1 2 4 10 30
10 3 6 1 3 3 10 33
10 3 6 1 4 2 10 46
10 3 6 1 6 2 8 154
10 3 6 1 6 3 7 203
10 3 6 1 6 4 6 315
10 3 6 1 6 5 5 361
10 3 6 1 6 6 4 281
10 3 6 1 6 7 3 164
10 3 6 1 6 8 2 93
10 4 7 2 2 3 10 34
10 4 7 2 3 2 10 47
10 4 7 2 5 2 8 155
10 4 7 2 5 3 7 204
10 4 7 2 5 4 6 316
10 4 7 2 5 5 5 466
10 4 7 2 5 6 4 289
10 4 7 2 5 7 3 169
10 4 7 2 5 8 2 96
10 4 8 1 2 2 2 10 48
10 4 8 1 2 4 2 8 156
10 4 8 1 2 4 3 7 205
10 4 8 1 2 4 4 6 317
10 4 8 1 2 4 5 5 480
10 4 8 1 2 4 6 4 303
10 4 8 1 2 4 7 3 178
10 4 8 1 2 4 8 2 102
10 4 8 1 3 3 2 8 157
10 4 8 1 3 3 3 7 206
10 4 8 1 3 3 4 6 318
10 4 8 1 3 3 5 5 481
10 4 8 1 3 3 6 4 327
10 4 8 1 3 3 7 3 194
10 4 8 1 3 3 8 2 112
10 4 8 1 4 2 2 8 159
10 4 8 1 4 2 3 7 208
10 4 8 1 4 2 4 6 320
10 4 8 1 4 2 5 5 483
10 4 8 1 4 2 6 4 409
10 4 8 1 4 2 7 3 248
10 4 8 1 4 2 8 2 150
10 4 8 1 6 4 4 2 372
10 4 8 1 6 5 2 3 438
10 4 8 1 6 5 3 2 384
10 4 8 1 6 6 2 2 283
10 5 10 1 2 2 2 2 8 161
10 5 10 1 2 2 2 3 7 210
10 5 10 1 2 2 2 4 6 322
10 5 10 1 2 2 2 5 5 485
10 5 10 1 2 2 2 6 4 411
10 5 10 1 2 2 2 7 3 250
10 5 10 1 2 2 2 8 2 152
10 5 10 1 2 4 2 5 3 645
10 5 10 1 2 4 2 6 2 443
10 5 10 1 2 4 3 3 4 803
10 5 10 1 2 4 3 4 3 765
10 5 10 1 2 4 3 5 2 556
10 5 10 1 2 4 4 2 4 726
10 5 10 1 2 4 4 3 3 717
10 5 10 1 2 4 4 4 2 712
10 5 10 1 2 4 5 2 3 500
10 5 10 1 2 4 5 3 2 493
10 5 10 1 2 4 6 2 2 311
10 5 10 1 3 3 2 4 4 747
10 5 10 1 3 3 2 5 3 646
10 5 10 1 3 3 2 6 2 444
10 5 10 1 3 3 3 2 5 695
10 5 10 1 3 3 3 3 4 804
10 5 10 1 3 3 3 4 3 766
10 5 10 1 3 3 3 5 2 557
10 5 10 1 3 3 4 2 4 773
10 5 10 1 3 3 4 3 3 756
10 5 10 1 3 3 4 4 2 737
10 5 10 1 3 3 5 2 3 546
10 5 10 1 3 3 5 3 2 534
10 5 10 1 3 3 6 2 2 342
10 5 10 1 4 2 2 3 5 575
10 5 10 1 4 2 2 4 4 749
10 5 10 1 4 2 2 5 3 648
10 5 10 1 4 2 2 6 2 446
10 5 10 1 4 2 3 2 5 697
10 5 10 1 4 2 3 3 4 806
10 5 10 1 4 2 3 4 3 768
10 5 10 1 4 2 3 5 2 559
10 5 10 1 4 2 4 2 4 830
10 5 10 1 4 2 4 3 3 825
10 5 10 1 4 2 4 4 2 739
10 5 10 1 4 2 5 2 3 627
10 5 10 1 4 2 5 3 2 642
10 5 10 1 4 2 6 2 2 435
10 5 9 2 2 3 2 8 158
10 5 9 2 2 3 3 7 207
10 5 9 2 2 3 4 6 319
10 5 9 2 2 3 5 5 482
10 5 9 2 2 3 6 4 328
10 5 9 2 2 3 7 3 195
10 5 9 2 2 3 8 2 113
10 5 9 2 3 2 2 8 160
10 5 9 2 3 2 3 7 209
10 5 9 2 3 2 4 6 321
10 5 9 2 3 2 5 5 484
10 5 9 2 3 2 6 4 410
10 5 9 2 3 2 7 3 249
10 5 9 2 3 2 8 2 151
10 5 9 2 5 3 5 2 555
10 5 9 2 5 4 3 3 592
10 5 9 2 5 4 4 2 579
10 5 9 2 5 5 2 3 474
10 5 9 2 5 5 3 2 470
10 5 9 2 5 6 2 2 293
10 6 11 2 2 3 2 3 5 574
10 6 11 2 2 3 2 4 4 748
10 6 11 2 2 3 2 5 3 647
10 6 11 2 2 3 2 6 2 445
10 6 11 2 2 3 3 2 5 696
10 6 11 2 2 3 3 3 4 805
10 6 11 2 2 3 3 4 3 767
10 6 11 2 2 3 3 5 2 558
10 6 11 2 2 3 4 2 4 774
10 6 11 2 2 3 4 3 3 757
10 6 11 2 2 3 4 4 2 738
10 6 11 2 2 3 5 2 3 547
10 6 11 2 2 3 5 3 2 535
10 6 11 2 2 3 6 2 2 343
10 6 11 2 3 2 2 2 6 464
10 6 11 2 3 2 2 3 5 576
10 6 11 2 3 2 2 4 4 750
10 6 11 2 3 2 2 5 3 649
10 6 11 2 3 2 2 6 2 447
10 6 11 2 3 2 3 2 5 698
10 6 11 2 3 2 3 3 4 807
10 6 11 2 3 2 3 4 3 769
10 6 11 2 3 2 3 5 2 560
10 6 11 2 3 2 4 2 4 835
10 6 11 2 3 2 4 3 3 826
10 6 11 2 3 2 4 4 2 740
10 6 11 2 3 2 5 2 3 628
10 6 11 2 3 2 5 3 2 643
10 6 11 2 3 2 6 2 2 436
10 6 12 1 2 2 2 2 2 6 465
10 6 12 1 2 2 2 2 3 5 577
10 6 12 1 2 2 2 2 4 4 751
10 6 12 1 2 2 2 2 5 3 650
10 6 12 1 2 2 2 2 6 2 448
10 6 12 1 2 2 2 3 2 5 699
10 6 12 1 2 2 2 3 3 4 808
10 6 12 1 2 2 2 3 4 3 770
10 6 12 1 2 2 2 3 5 2 561
10 6 12 1 2 2 2 4 2 4 836
10 6 12 1 2 2 2 4 3 3 827
10 6 12 1 2 2 2 4 4 2 741
10 6 12 1 2 2 2 5 2 3 629
10 6 12 1 2 2 2 5 3 2 644
10 6 12 1 2 2 2 6 2 2 437
10 6 12 1 3 3 4 2 2 2 787
10 6 12 1 4 2 3 3 2 2 838
10 6 12 1 4 2 4 2 2 2 832
10 7 13 2 2 3 3 3 2 2 929
10 7 13 2 2 3 4 2 2 2 788
10 7 13 2 3 2 2 4 2 2 900
10 7 13 2 3 2 3 2 3 2 959
10 7 13 2 3 2 3 3 2 2 949
10 7 13 2 3 2 4 2 2 2 896
10 7 14 1 2 2 2 2 2 4 2 908
10 7 14 1 2 2 2 2 3 2 3 970
10 7 14 1 2 2 2 2 3 3 2 953
10 7 14 1 2 2 2 2 4 2 2 901
10 7 14 1 2 2 2 3 2 2 3 965
10 7 14 1 2 2 2 3 2 3 2 969
10 7 14 1 2 2 2 3 3 2 2 950
10 7 14 1 2 2 2 4 2 2 2 897
11 2 4 1 5 11 14
11 3 5 2 4 11 15
11 3 6 1 2 3 11 17
11 3 6 1 3 2 11 24
11 3 6 1 5 4 7 183
11 3 6 1 5 5 6 296
11 3 6 1 5 6 5 288
11 3 6 1 5 7 4 168
11 3 6 1 5 8 3 95
11 3 6 1 5 9 2 52
11 4 7 2 2 2 11 25
11 4 7 2 4 3 8 115
11 4 7 2 4 4 7 184
11 4 7 2 4 5 6 297
11 4 7 2 4 6 5 301
11 4 7 2 4 7 4 176
11 4 7 2 4 8 3 100
11 4 7 2 4 9 2 55
11 4 8 1 2 3 2 9 87
11 4 8 1 2 3 3 8 116
11 4 8 1 2 3 4 7 185
11 4 8 1 2 3 5 6 298
11 4 8 1 2 3 6 5 324
11 4 8 1 2 3 7 4 191
11 4 8 1 2 3 8 3 109
11 4 8 1 2 3 9 2 61
11 4 8 1 3 2 2 9 88
11 4 8 1 3 2 3 8 117
11 4 8 1 3 2 4 7 186
11 4 8 1 3 2 5 6 299
11 4 8 1 3 2 6 5 405
11 4 8 1 3 2 7 4 244
11 4 8 1 3 2 8 3 141
11 4 8 1 3 2 9 2 82
11 4 8 1 5 6 3 2 290
11 4 8 1 5 7 2 2 170
11 5 10 1 2 3 3 6 2 346
11 5 10 1 2 3 4 4 3 722
11 5 10 1 2 3 4 5 2 507
11 5 10 1 2 3 5 2 4 543
11 5 10 1 2 3 5 3 3 531
11 5 10 1 2 3 5 4 2 524
11 5 10 1 2 3 6 2 3 339
11 5 10 1 2 3 6 3 2 332
11 5 10 1 2 3 7 2 2 199
11 5 10 1 3 2 2 7 2 267
11 5 10 1 3 2 3 5 3 539
11 5 10 1 3 2 3 6 2 347
11 5 10 1 3 2 4 3 4 801
11 5 10 1 3 2 4 4 3 723
11 5 10 1 3 2 4 5 2 508
11 5 10 1 3 2 5 2 4 600
11 5 10 1 3 2 5 3 3 612
11 5 10 1 3 2 5 4 2 632
11 5 10 1 3 2 6 2 3 402
11 5 10 1 3 2 6 3 2 414
11 5 10 1 3 2 7 2 2 258
11 5 9 2 2 2 2 9 89
11 5 9 2 2 2 3 8 118
11 5 9 2 2 2 4 7 187
11 5 9 2 2 2 5 6 300
11 5 9 2 2 2 6 5 406
11 5 9 2 2 2 7 4 245
11 5 9 2 2 2 8 3 142
11 5 9 2 2 2 9 2 83
11 5 9 2 4 5 4 2 487
11 5 9 2 4 6 2 3 309
11 5 9 2 4 6 3 2 305
11 5 9 2 4 7 2 2 180
11 6 11 2 2 2 2 6 3 420
11 6 11 2 2 2 2 7 2 268
11 6 11 2 2 2 3 4 4 745
11 6 11 2 2 2 3 5 3 540
11 6 11 2 2 2 3 6 2 348
11 6 11 2 2 2 4 2 5 693
11 6 11 2 2 2 4 3 4 802
11 6 11 2 2 2 4 4 3 724
11 6 11 2 2 2 4 5 2 509
11 6 11 2 2 2 5 2 4 601
11 6 11 2 2 2 5 3 3 613
11 6 11 2 2 2 5 4 2 633
11 6 11 2 2 2 6 2 3 403
11 6 11 2 2 2 6 3 2 415
11 6 11 2 2 2 7 2 2 259
11 7 13 2 2 2 5 2 2 2 672
12 2 4 1 4 12 7
12 3 5 2 3 12 8
12 3 6 1 2 2 12 12
12 3 6 1 4 10 2 29
12 3 6 1 4 6 6 285
12 3 6 1 4 7 5 175
12 3 6 1 4 8 4 99
12 3 6 1 4 9 3 54
12 4 7 2 3 10 2 32
12 4 7 2 3 5 7 173
12 4 7 2 3 6 6 286
12 4 7 2 3 7 5 189
12 4 7 2 3 8 4 107
12 4 7 2 3 9 3 59
12 4 8 1 2 2 10 2 44
12 4 8 1 2 2 3 9 64
12 4 8 1 2 2 4 8 105
12 4 8 1 2 2 5 7 174
12 4 8 1 2 2 6 6 287
12 4 8 1 2 2 7 5 242
12 4 8 1 2 2 8 4 139
12 4 8 1 2 2 9 3 77
12 4 8 1 4 8 2 2 101
12 5 10 1 2 2 5 5 2 479
12 5 10 1 2 2 6 3 3 392
12 5 10 1 2 2 6 4 2 408
12 5 10 1 2 2 7 2 3 239
12 5 10 1 2 2 7 3 2 247
12 5 10 1 2 2 8 2 2 146
12 5 9 2 3 7 3 2 193
12 5 9 2 3 8 2 2 111
13 2 4 1 3 13 3
13 3 5 2 2 13 5
13 3 6 1 3 10 3 31
13 3 6 1 3 11 2 16
13 3 6 1 3 8 5 106
13 3 6 1 3 9 4 58
13 4 7 2 2 10 3 41
13 4 7 2 2 11 2 22
13 4 7 2 2 7 6 240
13 4 7 2 2 8 5 137
13 4 7 2 2 9 4 75
13 5 9 2 2 9 2 2 79
14 2 4 1 2 14 1
14 3 6 1 2 10 4 40
14 3 6 1 2 11 3 20
14 3 6 1 2 12 2 10
15 2 3 2 15 0
15 3 5 2 13 2 4
16 1 2 1 16 986
