12 89
2 2 4 1 9 2 2
3 2 4 1 8 3 6
3 3 5 2 7 3 9
4 2 4 1 7 4 13
4 3 5 2 6 4 18
4 3 6 1 7 2 2 11
4 4 7 2 6 2 2 21
4 4 8 1 2 5 2 2 40
4 4 8 1 3 4 2 2 52
5 2 4 1 6 5 26
5 3 5 2 5 5 27
5 3 6 1 2 4 5 29
5 3 6 1 6 2 3 19
5 3 6 1 6 3 2 23
5 4 7 2 5 2 3 37
5 4 7 2 5 3 2 36
5 4 8 1 2 4 2 3 60
5 4 8 1 2 4 3 2 61
5 4 8 1 3 3 2 3 74
5 4 8 1 3 3 3 2 72
5 4 8 1 4 2 2 3 66
5 4 8 1 4 2 3 2 59
5 5 9 2 2 3 2 3 81
5 5 9 2 2 3 3 2 76
5 5 9 2 3 2 2 3 80
6 2 4 1 5 6 14
6 3 5 2 4 6 15
6 3 6 1 2 3 6 17
6 3 6 1 3 2 6 24
6 3 6 1 5 2 4 34
6 3 6 1 5 3 3 35
6 3 6 1 5 4 2 43
6 4 7 2 4 2 4 58
6 4 7 2 4 3 3 57
6 4 7 2 4 4 2 48
6 4 8 1 2 3 2 4 69
6 4 8 1 2 3 3 3 73
6 4 8 1 2 3 4 2 53
6 4 8 1 3 2 2 4 70
6 4 8 1 3 2 3 3 77
6 4 8 1 3 2 4 2 67
6 4 8 1 5 2 2 2 41
6 5 10 1 2 3 2 2 2 82
6 5 10 1 3 2 2 2 2 83
6 5 9 2 2 2 2 4 71
6 5 9 2 2 2 3 3 78
6 5 9 2 2 2 4 2 68
6 5 9 2 4 2 2 2 63
6 6 11 2 2 2 2 2 2 87
7 2 4 1 4 7 7
7 3 5 2 3 7 8
7 3 6 1 2 2 7 12
7 3 6 1 4 2 5 44
7 3 6 1 4 3 4 54
7 3 6 1 4 4 3 47
7 3 6 1 4 5 2 28
7 4 7 2 3 2 5 45
7 4 7 2 3 3 4 55
7 4 7 2 3 4 3 51
7 4 7 2 3 5 2 31
7 4 8 1 2 2 2 5 46
7 4 8 1 2 2 3 4 56
7 4 8 1 2 2 4 3 62
7 4 8 1 2 2 5 2 42
7 4 8 1 4 3 2 2 65
7 5 10 1 2 2 2 2 3 86
7 5 10 1 2 2 2 3 2 85
7 5 10 1 2 2 3 2 2 84
7 5 9 2 3 2 3 2 79
7 5 9 2 3 3 2 2 75
8 2 4 1 3 8 3
8 3 5 2 2 8 5
8 3 6 1 3 3 5 32
8 3 6 1 3 4 4 49
8 3 6 1 3 5 3 30
8 3 6 1 3 6 2 16
8 4 7 2 2 2 6 25
8 4 7 2 2 3 5 33
8 4 7 2 2 4 4 50
8 4 7 2 2 5 3 39
8 4 7 2 2 6 2 22
8 5 9 2 2 4 2 2 64
9 2 4 1 2 9 1
9 3 6 1 2 5 4 38
9 3 6 1 2 6 3 20
9 3 6 1 2 7 2 10
10 2 3 2 10 0
10 3 5 2 8 2 4
11 1 2 1 11 88
