10 34
2 2 4 1 7 2 2
3 2 4 1 6 3 6
3 3 5 2 5 3 9
4 2 4 1 5 4 13
4 3 5 2 4 4 14
4 3 6 1 5 2 2 11
4 4 7 2 4 2 2 19
4 4 8 1 2 3 2 2 28
4 4 8 1 3 2 2 2 29
5 2 4 1 4 5 7
5 3 5 2 3 5 8
5 3 6 1 2 2 5 12
5 3 6 1 4 2 3 17
5 3 6 1 4 3 2 21
5 4 7 2 3 2 3 27
5 4 7 2 3 3 2 25
5 4 8 1 2 2 2 3 31
5 4 8 1 2 2 3 2 30
6 2 4 1 3 6 3
6 3 5 2 2 6 5
6 3 6 1 3 2 4 22
6 3 6 1 3 3 3 24
6 3 6 1 3 4 2 15
6 4 7 2 2 2 4 23
6 4 7 2 2 3 3 26
6 4 7 2 2 4 2 20
6 5 9 2 2 2 2 2 32
7 2 4 1 2 7 1
7 3 6 1 2 3 4 16
7 3 6 1 2 4 3 18
7 3 6 1 2 5 2 10
8 2 3 2 8 0
8 3 5 2 6 2 4
9 1 2 1 9 33
