15 377
2 2 4 1 12 2 2
3 2 4 1 11 3 6
3 3 5 2 10 3 9
4 2 4 1 10 4 13
4 3 5 2 9 4 18
4 3 6 1 10 2 2 11
4 4 7 2 9 2 2 21
4 4 8 1 2 8 2 2 42
4 4 8 1 3 7 2 2 60
5 2 4 1 9 5 26
5 3 5 2 8 5 35
5 3 6 1 2 7 5 74
5 3 6 1 9 2 3 19
5 3 6 1 9 3 2 23
5 4 7 2 8 2 3 39
5 4 7 2 8 3 2 38
5 4 8 1 2 7 2 3 73
5 4 8 1 2 7 3 2 76
5 4 8 1 3 6 2 3 107
5 4 8 1 3 6 3 2 105
5 4 8 1 4 5 2 3 165
5 4 8 1 4 5 3 2 163
5 4 8 1 5 4 2 3 231
5 5 9 2 2 6 2 3 131
5 5 9 2 2 6 3 2 135
5 5 9 2 3 5 2 3 181
6 2 4 1 8 6 49
6 3 5 2 7 6 65
6 3 6 1 2 6 6 91
6 3 6 1 3 5 6 94
6 3 6 1 8 2 4 36
6 3 6 1 8 3 3 37
6 3 6 1 8 4 2 45
6 4 7 2 7 2 4 69
6 4 7 2 7 3 3 71
6 4 7 2 7 4 2 68
6 4 8 1 2 6 2 4 124
6 4 8 1 2 6 3 3 127
6 4 8 1 2 6 4 2 133
6 4 8 1 3 5 2 4 180
6 4 8 1 3 5 3 3 176
6 4 8 1 3 5 4 2 174
6 4 8 1 4 4 2 4 253
6 4 8 1 4 4 3 3 249
6 4 8 1 4 4 4 2 247
6 4 8 1 5 3 2 4 232
6 4 8 1 5 3 3 3 204
6 4 8 1 5 3 4 2 195
6 4 8 1 6 2 2 4 144
6 4 8 1 6 2 3 3 128
6 4 8 1 8 2 2 2 43
6 5 10 1 2 2 4 2 4 297
6 5 10 1 2 6 2 2 2 139
6 5 10 1 3 5 2 2 2 182
6 5 10 1 4 4 2 2 2 255
6 5 10 1 5 3 2 2 2 227
6 5 10 1 6 2 2 2 2 140
6 5 9 2 2 5 2 4 202
6 5 9 2 2 5 3 3 207
6 5 9 2 2 5 4 2 214
6 5 9 2 3 4 2 4 271
6 5 9 2 3 4 3 3 265
6 5 9 2 3 4 4 2 257
6 5 9 2 4 3 2 4 300
6 5 9 2 4 3 3 3 290
6 5 9 2 5 2 2 4 222
6 5 9 2 7 2 2 2 78
6 6 11 2 2 5 2 2 2 226
6 6 11 2 3 4 2 2 2 275
6 6 11 2 4 3 2 2 2 302
6 6 11 2 5 2 2 2 2 225
6 6 12 1 2 2 4 2 2 2 323
6 6 12 1 2 3 3 2 2 2 351
6 6 12 1 2 4 2 2 2 2 321
6 6 12 1 3 2 3 2 2 2 369
7 2 4 1 7 7 50
7 3 5 2 6 7 51
7 3 6 1 2 5 7 53
7 3 6 1 3 4 7 56
7 3 6 1 4 3 7 62
7 3 6 1 7 2 5 66
7 3 6 1 7 3 4 67
7 3 6 1 7 4 3 70
7 3 6 1 7 5 2 84
7 4 7 2 2 4 7 57
7 4 7 2 6 2 5 119
7 4 7 2 6 3 4 121
7 4 7 2 6 4 3 122
7 4 7 2 6 5 2 118
7 4 8 1 2 5 2 5 198
7 4 8 1 2 5 3 4 196
7 4 8 1 2 5 4 3 206
7 4 8 1 2 5 5 2 158
7 4 8 1 3 4 2 5 238
7 4 8 1 3 4 3 4 264
7 4 8 1 3 4 4 3 251
7 4 8 1 3 4 5 2 167
7 4 8 1 4 3 2 5 240
7 4 8 1 4 3 3 4 283
7 4 8 1 4 3 4 3 268
7 4 8 1 4 3 5 2 184
7 4 8 1 5 2 2 5 233
7 4 8 1 5 2 3 4 208
7 4 8 1 5 2 4 3 199
7 4 8 1 5 2 5 2 197
7 4 8 1 7 2 2 3 81
7 4 8 1 7 2 3 2 72
7 4 8 1 7 3 2 2 80
7 5 10 1 2 2 3 2 5 242
7 5 10 1 2 2 3 3 4 285
7 5 10 1 2 2 3 4 3 270
7 5 10 1 2 3 2 2 5 244
7 5 10 1 2 3 2 3 4 287
7 5 10 1 2 5 2 2 3 224
7 5 10 1 2 5 2 3 2 212
7 5 10 1 2 5 3 2 2 217
7 5 10 1 3 2 2 2 5 245
7 5 10 1 3 4 2 2 3 274
7 5 10 1 3 4 2 3 2 272
7 5 10 1 3 4 3 2 2 266
7 5 10 1 4 3 2 2 3 315
7 5 10 1 4 3 2 3 2 324
7 5 10 1 4 3 3 2 2 291
7 5 10 1 5 2 2 2 3 223
7 5 10 1 5 2 2 3 2 228
7 5 10 1 5 2 3 2 2 211
7 5 9 2 2 4 2 5 239
7 5 9 2 2 4 3 4 282
7 5 9 2 2 4 4 3 252
7 5 9 2 2 4 5 2 168
7 5 9 2 3 3 2 5 241
7 5 9 2 3 3 3 4 284
7 5 9 2 3 3 4 3 269
7 5 9 2 3 3 5 2 185
7 5 9 2 4 2 2 5 243
7 5 9 2 4 2 3 4 286
7 5 9 2 4 2 4 3 294
7 5 9 2 4 2 5 2 234
7 5 9 2 6 2 2 3 138
7 5 9 2 6 2 3 2 130
7 5 9 2 6 3 2 2 129
7 6 11 2 2 4 2 2 3 320
7 6 11 2 2 4 2 3 2 304
7 6 11 2 2 4 3 2 2 308
7 6 11 2 3 3 2 2 3 349
7 6 11 2 3 3 2 3 2 347
7 6 11 2 3 3 3 2 2 342
7 6 11 2 4 2 2 2 3 318
7 6 11 2 4 2 2 3 2 317
7 6 11 2 4 2 3 2 2 303
7 6 12 1 2 2 3 2 2 3 361
7 6 12 1 2 2 3 2 3 2 363
7 6 12 1 2 2 3 3 2 2 352
7 6 12 1 2 3 2 2 2 3 366
7 6 12 1 2 3 2 2 3 2 360
7 6 12 1 2 3 2 3 2 2 362
7 6 12 1 3 2 2 2 2 3 365
7 6 12 1 3 2 2 2 3 2 370
7 6 12 1 3 2 2 3 2 2 359
7 7 13 2 2 2 2 2 2 3 374
7 7 13 2 2 2 2 2 3 2 373
7 7 13 2 2 2 2 3 2 2 372
8 2 4 1 6 8 27
8 3 5 2 5 8 28
8 3 6 1 2 4 8 30
8 3 6 1 3 3 8 33
8 3 6 1 4 2 8 46
8 3 6 1 6 2 6 117
8 3 6 1 6 3 5 116
8 3 6 1 6 4 4 120
8 3 6 1 6 5 3 125
8 3 6 1 6 6 2 90
8 4 7 2 2 3 8 34
8 4 7 2 3 2 8 47
8 4 7 2 5 2 6 148
8 4 7 2 5 3 5 187
8 4 7 2 5 4 4 194
8 4 7 2 5 5 3 156
8 4 7 2 5 6 2 93
8 4 8 1 2 4 2 6 149
8 4 8 1 2 4 3 5 188
8 4 8 1 2 4 4 4 248
8 4 8 1 2 4 5 3 164
8 4 8 1 2 4 6 2 99
8 4 8 1 3 3 2 6 150
8 4 8 1 3 3 3 5 189
8 4 8 1 3 3 4 4 259
8 4 8 1 3 3 5 3 178
8 4 8 1 3 3 6 2 109
8 4 8 1 4 2 2 6 152
8 4 8 1 4 2 3 5 191
8 4 8 1 4 2 4 4 261
8 4 8 1 4 2 5 3 219
8 4 8 1 4 2 6 2 145
8 4 8 1 6 2 4 2 123
8 4 8 1 6 3 2 3 143
8 4 8 1 6 3 3 2 126
8 4 8 1 6 4 2 2 142
8 5 10 1 2 2 2 2 6 154
8 5 10 1 2 2 2 3 5 193
8 5 10 1 2 2 2 4 4 263
8 5 10 1 2 2 2 5 3 221
8 5 10 1 2 2 2 6 2 147
8 5 10 1 2 4 2 2 4 319
8 5 10 1 2 4 2 3 3 299
8 5 10 1 2 4 2 4 2 296
8 5 10 1 2 4 3 2 3 307
8 5 10 1 2 4 3 3 2 292
8 5 10 1 2 4 4 2 2 256
8 5 10 1 3 3 2 2 4 335
8 5 10 1 3 3 2 3 3 346
8 5 10 1 3 3 2 4 2 328
8 5 10 1 3 3 3 2 3 341
8 5 10 1 3 3 3 3 2 339
8 5 10 1 3 3 4 2 2 276
8 5 10 1 4 2 2 2 4 314
8 5 10 1 4 2 2 3 3 316
8 5 10 1 4 2 2 4 2 325
8 5 10 1 4 2 3 2 3 301
8 5 10 1 4 2 3 3 2 298
8 5 10 1 4 2 4 2 2 295
8 5 9 2 2 3 2 6 151
8 5 9 2 2 3 3 5 190
8 5 9 2 2 3 4 4 260
8 5 9 2 2 3 5 3 179
8 5 9 2 2 3 6 2 110
8 5 9 2 3 2 2 6 153
8 5 9 2 3 2 3 5 192
8 5 9 2 3 2 4 4 262
8 5 9 2 3 2 5 3 220
8 5 9 2 3 2 6 2 146
8 5 9 2 5 2 3 3 209
8 5 9 2 5 2 4 2 201
8 5 9 2 5 3 2 3 210
8 5 9 2 5 3 3 2 205
8 5 9 2 5 4 2 2 200
8 6 11 2 2 3 2 2 4 336
8 6 11 2 2 3 2 3 3 355
8 6 11 2 2 3 2 4 2 329
8 6 11 2 2 3 3 2 3 348
8 6 11 2 2 3 3 3 2 343
8 6 11 2 2 3 4 2 2 277
8 6 11 2 3 2 2 2 4 337
8 6 11 2 3 2 2 3 3 356
8 6 11 2 3 2 2 4 2 330
8 6 11 2 3 2 3 2 3 358
8 6 11 2 3 2 3 3 2 353
8 6 11 2 3 2 4 2 2 326
8 6 12 1 2 2 2 2 2 4 338
8 6 12 1 2 2 2 2 3 3 357
8 6 12 1 2 2 2 2 4 2 331
8 6 12 1 2 2 2 3 2 3 364
8 6 12 1 2 2 2 3 3 2 354
8 6 12 1 2 2 2 4 2 2 327
8 6 12 1 3 3 2 2 2 2 350
8 6 12 1 4 2 2 2 2 2 322
8 7 13 2 2 3 2 2 2 2 368
8 7 13 2 3 2 2 2 2 2 367
8 7 14 1 2 2 2 2 2 2 2 375
9 2 4 1 5 9 14
9 3 5 2 4 9 15
9 3 6 1 2 3 9 17
9 3 6 1 3 2 9 24
9 3 6 1 5 2 7 85
9 3 6 1 5 3 6 111
9 3 6 1 5 4 5 169
9 3 6 1 5 5 4 155
9 3 6 1 5 6 3 92
9 3 6 1 5 7 2 52
9 4 7 2 2 2 9 25
9 4 7 2 4 2 7 86
9 4 7 2 4 3 6 112
9 4 7 2 4 4 5 170
9 4 7 2 4 5 4 162
9 4 7 2 4 6 3 97
9 4 7 2 4 7 2 55
9 4 8 1 2 3 2 7 87
9 4 8 1 2 3 3 6 113
9 4 8 1 2 3 4 5 171
9 4 8 1 2 3 5 4 175
9 4 8 1 2 3 6 3 106
9 4 8 1 2 3 7 2 61
9 4 8 1 3 2 2 7 88
9 4 8 1 3 2 3 6 114
9 4 8 1 3 2 4 5 172
9 4 8 1 3 2 5 4 215
9 4 8 1 3 2 6 3 136
9 4 8 1 3 2 7 2 82
9 4 8 1 5 4 3 2 203
9 4 8 1 5 5 2 2 157
9 5 10 1 2 3 2 4 3 311
9 5 10 1 2 3 2 5 2 235
9 5 10 1 2 3 3 2 4 332
9 5 10 1 2 3 3 3 3 340
9 5 10 1 2 3 3 4 2 279
9 5 10 1 2 3 4 2 3 273
9 5 10 1 2 3 4 3 2 267
9 5 10 1 2 3 5 2 2 183
9 5 10 1 3 2 2 3 4 288
9 5 10 1 3 2 2 4 3 312
9 5 10 1 3 2 2 5 2 236
9 5 10 1 3 2 3 2 4 333
9 5 10 1 3 2 3 3 3 344
9 5 10 1 3 2 3 4 2 280
9 5 10 1 3 2 4 2 3 305
9 5 10 1 3 2 4 3 2 309
9 5 10 1 3 2 5 2 2 229
9 5 9 2 2 2 2 7 89
9 5 9 2 2 2 3 6 115
9 5 9 2 2 2 4 5 173
9 5 9 2 2 2 5 4 216
9 5 9 2 2 2 6 3 137
9 5 9 2 2 2 7 2 83
9 5 9 2 4 3 4 2 278
9 5 9 2 4 4 2 3 254
9 5 9 2 4 4 3 2 250
9 5 9 2 4 5 2 2 166
9 6 11 2 2 2 2 2 5 246
9 6 11 2 2 2 2 3 4 289
9 6 11 2 2 2 2 4 3 313
9 6 11 2 2 2 2 5 2 237
9 6 11 2 2 2 3 2 4 334
9 6 11 2 2 2 3 3 3 345
9 6 11 2 2 2 3 4 2 281
9 6 11 2 2 2 4 2 3 306
9 6 11 2 2 2 4 3 2 310
9 6 11 2 2 2 5 2 2 230
9 7 13 2 2 2 3 2 2 2 371
10 2 4 1 4 10 7
10 3 5 2 3 10 8
10 3 6 1 2 2 10 12
10 3 6 1 4 4 6 100
10 3 6 1 4 5 5 159
10 3 6 1 4 6 4 96
10 3 6 1 4 7 3 54
10 3 6 1 4 8 2 29
10 4 7 2 3 3 7 63
10 4 7 2 3 4 6 101
10 4 7 2 3 5 5 160
10 4 7 2 3 6 4 104
10 4 7 2 3 7 3 59
10 4 7 2 3 8 2 32
10 4 8 1 2 2 2 8 48
10 4 8 1 2 2 3 7 64
10 4 8 1 2 2 4 6 102
10 4 8 1 2 2 5 5 161
10 4 8 1 2 2 6 4 134
10 4 8 1 2 2 7 3 77
10 4 8 1 2 2 8 2 44
10 4 8 1 4 6 2 2 98
10 5 10 1 2 2 3 5 2 186
10 5 10 1 2 2 4 3 3 293
10 5 10 1 2 2 4 4 2 258
10 5 10 1 2 2 5 2 3 213
10 5 10 1 2 2 5 3 2 218
10 5 10 1 2 2 6 2 2 141
10 5 9 2 3 5 3 2 177
10 5 9 2 3 6 2 2 108
11 2 4 1 3 11 3
11 3 5 2 2 11 5
11 3 6 1 3 6 5 103
11 3 6 1 3 7 4 58
11 3 6 1 3 8 3 31
11 3 6 1 3 9 2 16
11 4 7 2 2 5 6 95
11 4 7 2 2 6 5 132
11 4 7 2 2 7 4 75
11 4 7 2 2 8 3 41
11 4 7 2 2 9 2 22
11 5 9 2 2 7 2 2 79
12 2 4 1 2 12 1
12 3 6 1 2 10 2 10
12 3 6 1 2 8 4 40
12 3 6 1 2 9 3 20
13 2 3 2 13 0
13 3 5 2 11 2 4
14 1 2 1 14 376
