13 144
2 2 4 1 10 2 2
3 2 4 1 9 3 6
3 3 5 2 8 3 9
4 2 4 1 8 4 13
4 3 5 2 7 4 18
4 3 6 1 8 2 2 11
4 4 7 2 7 2 2 21
4 4 8 1 2 6 2 2 42
4 4 8 1 3 5 2 2 57
5 2 4 1 7 5 26
5 3 5 2 6 5 35
5 3 6 1 2 5 5 50
5 3 6 1 7 2 3 19
5 3 6 1 7 3 2 23
5 4 7 2 6 2 3 39
5 4 7 2 6 3 2 38
5 4 8 1 2 5 2 3 69
5 4 8 1 2 5 3 2 71
5 4 8 1 3 4 2 3 91
5 4 8 1 3 4 3 2 89
5 4 8 1 4 3 2 3 114
5 4 8 1 4 3 3 2 99
5 4 8 1 5 2 2 3 76
5 5 9 2 2 4 2 3 106
5 5 9 2 2 4 3 2 107
5 5 9 2 3 3 2 3 125
6 2 4 1 6 6 27
6 3 5 2 5 6 28
6 3 6 1 2 4 6 30
6 3 6 1 3 3 6 33
6 3 6 1 6 2 4 36
6 3 6 1 6 3 3 37
6 3 6 1 6 4 2 45
6 4 7 2 5 2 4 65
6 4 7 2 5 3 3 67
6 4 7 2 5 4 2 64
6 4 8 1 2 4 2 4 102
6 4 8 1 2 4 3 3 100
6 4 8 1 2 4 4 2 86
6 4 8 1 3 3 2 4 118
6 4 8 1 3 3 3 3 122
6 4 8 1 3 3 4 2 93
6 4 8 1 4 2 2 4 115
6 4 8 1 4 2 3 3 103
6 4 8 1 4 2 4 2 101
6 4 8 1 6 2 2 2 43
6 5 10 1 2 2 2 2 4 121
6 5 10 1 2 4 2 2 2 111
6 5 10 1 3 3 2 2 2 126
6 5 10 1 4 2 2 2 2 112
6 5 9 2 2 3 2 4 119
6 5 9 2 2 3 3 3 124
6 5 9 2 2 3 4 2 94
6 5 9 2 3 2 2 4 120
6 5 9 2 3 2 3 3 129
6 5 9 2 3 2 4 2 116
6 5 9 2 5 2 2 2 73
6 6 11 2 2 3 2 2 2 136
6 6 11 2 3 2 2 2 2 135
6 6 12 1 2 2 2 2 2 2 142
7 2 4 1 5 7 14
7 3 5 2 4 7 15
7 3 6 1 2 3 7 17
7 3 6 1 3 2 7 24
7 3 6 1 5 2 5 63
7 3 6 1 5 3 4 62
7 3 6 1 5 4 3 66
7 3 6 1 5 5 2 49
7 4 7 2 2 2 7 25
7 4 7 2 4 2 5 79
7 4 7 2 4 3 4 95
7 4 7 2 4 4 3 84
7 4 7 2 4 5 2 52
7 4 8 1 2 3 2 5 80
7 4 8 1 2 3 3 4 96
7 4 8 1 2 3 4 3 90
7 4 8 1 2 3 5 2 58
7 4 8 1 3 2 2 5 81
7 4 8 1 3 2 3 4 97
7 4 8 1 3 2 4 3 108
7 4 8 1 3 2 5 2 77
7 4 8 1 5 2 3 2 68
7 4 8 1 5 3 2 2 75
7 5 10 1 2 3 2 2 3 132
7 5 10 1 2 3 2 3 2 133
7 5 10 1 2 3 3 2 2 127
7 5 10 1 3 2 2 2 3 138
7 5 10 1 3 2 2 3 2 131
7 5 10 1 3 2 3 2 2 137
7 5 9 2 2 2 2 5 82
7 5 9 2 2 2 3 4 98
7 5 9 2 2 2 4 3 109
7 5 9 2 2 2 5 2 78
7 5 9 2 4 2 2 3 110
7 5 9 2 4 2 3 2 105
7 5 9 2 4 3 2 2 104
7 6 11 2 2 2 2 2 3 141
7 6 11 2 2 2 2 3 2 140
7 6 11 2 2 2 3 2 2 139
8 2 4 1 4 8 7
8 3 5 2 3 8 8
8 3 6 1 2 2 8 12
8 3 6 1 4 2 6 46
8 3 6 1 4 3 5 59
8 3 6 1 4 4 4 83
8 3 6 1 4 5 3 51
8 3 6 1 4 6 2 29
8 4 7 2 3 2 6 47
8 4 7 2 3 3 5 60
8 4 7 2 3 4 4 87
8 4 7 2 3 5 3 56
8 4 7 2 3 6 2 32
8 4 8 1 2 2 2 6 48
8 4 8 1 2 2 3 5 61
8 4 8 1 2 2 4 4 88
8 4 8 1 2 2 5 3 72
8 4 8 1 2 2 6 2 44
8 4 8 1 4 4 2 2 85
8 5 10 1 2 2 2 3 3 130
8 5 10 1 2 2 2 4 2 117
8 5 10 1 2 2 3 2 3 134
8 5 10 1 2 2 3 3 2 128
8 5 10 1 2 2 4 2 2 113
8 5 9 2 3 3 3 2 123
8 5 9 2 3 4 2 2 92
9 2 4 1 3 9 3
9 3 5 2 2 9 5
9 3 6 1 3 4 5 53
9 3 6 1 3 5 4 55
9 3 6 1 3 6 3 31
9 3 6 1 3 7 2 16
9 4 7 2 2 3 6 34
9 4 7 2 2 4 5 54
9 4 7 2 2 5 4 70
9 4 7 2 2 6 3 41
9 4 7 2 2 7 2 22
9 5 9 2 2 5 2 2 74
10 2 4 1 2 10 1
10 3 6 1 2 6 4 40
10 3 6 1 2 7 3 20
10 3 6 1 2 8 2 10
11 2 3 2 11 0
11 3 5 2 9 2 4
12 1 2 1 12 143
