18 1597
2 2 4 1 15 2 2
3 2 4 1 14 3 6
3 3 5 2 13 3 9
4 2 4 1 13 4 13
4 3 5 2 12 4 18
4 3 6 1 13 2 2 11
4 4 7 2 12 2 2 21
4 4 8 1 2 11 2 2 42
4 4 8 1 3 10 2 2 60
5 2 4 1 12 5 26
5 3 5 2 11 5 35
5 3 6 1 12 2 3 19
5 3 6 1 12 3 2 23
5 3 6 1 2 10 5 74
5 4 7 2 11 2 3 39
5 4 7 2 11 3 2 38
5 4 8 1 2 10 2 3 73
5 4 8 1 2 10 3 2 76
5 4 8 1 3 9 2 3 110
5 4 8 1 3 9 3 2 108
5 4 8 1 4 8 2 3 181
5 4 8 1 4 8 3 2 179
5 4 8 1 5 7 2 3 301
5 5 9 2 2 9 2 3 135
5 5 9 2 2 9 3 2 140
5 5 9 2 3 8 2 3 199
6 2 4 1 11 6 49
6 3 5 2 10 6 65
6 3 6 1 11 2 4 36
6 3 6 1 11 3 3 37
6 3 6 1 11 4 2 45
6 3 6 1 2 9 6 136
6 3 6 1 3 8 6 190
6 4 7 2 10 2 4 69
6 4 7 2 10 3 3 71
6 4 7 2 10 4 2 68
6 4 8 1 11 2 2 2 43
6 4 8 1 2 9 2 4 128
6 4 8 1 2 9 3 3 131
6 4 8 1 2 9 4 2 138
6 4 8 1 3 8 2 4 198
6 4 8 1 3 8 3 3 194
6 4 8 1 3 8 4 2 192
6 4 8 1 4 7 2 4 318
6 4 8 1 4 7 3 3 314
6 4 8 1 4 7 4 2 312
6 4 8 1 5 6 2 4 509
6 4 8 1 5 6 3 3 505
6 4 8 1 5 6 4 2 503
6 4 8 1 6 5 2 4 758
6 4 8 1 6 5 3 3 666
6 4 8 1 7 4 2 4 459
6 5 10 1 2 2 7 2 4 400
6 5 10 1 2 9 2 2 2 144
6 5 10 1 3 8 2 2 2 200
6 5 10 1 4 7 2 2 2 320
6 5 10 1 5 6 2 2 2 511
6 5 10 1 6 5 2 2 2 749
6 5 10 1 7 4 2 2 2 451
6 5 10 1 8 3 2 2 2 259
6 5 10 1 9 2 2 2 2 145
6 5 9 2 10 2 2 2 78
6 5 9 2 2 8 2 4 229
6 5 9 2 2 8 3 3 235
6 5 9 2 2 8 4 2 246
6 5 9 2 3 7 2 4 348
6 5 9 2 3 7 3 3 341
6 5 9 2 3 7 4 2 337
6 5 9 2 4 6 2 4 538
6 5 9 2 4 6 3 3 531
6 5 9 2 5 5 2 4 812
6 6 11 2 2 8 2 2 2 258
6 6 11 2 3 7 2 2 2 352
6 6 11 2 4 6 2 2 2 542
6 6 11 2 5 5 2 2 2 816
6 6 11 2 6 4 2 2 2 661
6 6 11 2 7 3 2 2 2 416
6 6 12 1 2 2 7 2 2 2 450
6 6 12 1 2 3 6 2 2 2 597
6 6 12 1 2 4 5 2 2 2 863
6 6 12 1 3 2 6 2 2 2 747
7 2 4 1 10 7 90
7 3 5 2 9 7 119
7 3 6 1 10 2 5 66
7 3 6 1 10 3 4 67
7 3 6 1 10 4 3 70
7 3 6 1 10 5 2 84
7 3 6 1 2 8 7 242
7 3 6 1 3 7 7 288
7 3 6 1 4 6 7 294
7 4 7 2 2 7 7 289
7 4 7 2 9 2 5 123
7 4 7 2 9 3 4 125
7 4 7 2 9 4 3 126
7 4 7 2 9 5 2 122
7 4 8 1 10 2 2 3 81
7 4 8 1 10 2 3 2 72
7 4 8 1 10 3 2 2 80
7 4 8 1 2 8 2 5 221
7 4 8 1 2 8 3 4 225
7 4 8 1 2 8 4 3 234
7 4 8 1 2 8 5 2 244
7 4 8 1 3 7 2 5 347
7 4 8 1 3 7 3 4 340
7 4 8 1 3 7 4 3 336
7 4 8 1 3 7 5 2 334
7 4 8 1 4 6 2 5 537
7 4 8 1 4 6 3 4 530
7 4 8 1 4 6 4 3 526
7 4 8 1 4 6 5 2 524
7 4 8 1 5 5 2 5 811
7 4 8 1 5 5 3 4 804
7 4 8 1 5 5 4 3 800
7 4 8 1 5 5 5 2 798
7 4 8 1 6 4 2 5 759
7 4 8 1 6 4 3 4 667
7 4 8 1 6 4 4 3 645
7 4 8 1 6 4 5 2 629
7 4 8 1 7 3 2 5 460
7 4 8 1 7 3 3 4 403
7 4 8 1 7 3 4 3 391
7 4 8 1 8 2 2 5 266
7 4 8 1 8 2 3 4 236
7 5 10 1 2 2 6 2 5 643
7 5 10 1 2 2 6 3 4 653
7 5 10 1 2 2 6 4 3 678
7 5 10 1 2 3 5 2 5 925
7 5 10 1 2 3 5 3 4 905
7 5 10 1 2 4 4 2 5 1162
7 5 10 1 2 8 2 2 3 256
7 5 10 1 2 8 2 3 2 240
7 5 10 1 2 8 3 2 2 249
7 5 10 1 3 2 5 2 5 1004
7 5 10 1 3 7 2 2 3 351
7 5 10 1 3 7 2 3 2 349
7 5 10 1 3 7 3 2 2 342
7 5 10 1 4 6 2 2 3 541
7 5 10 1 4 6 2 3 2 539
7 5 10 1 4 6 3 2 2 532
7 5 10 1 5 5 2 2 3 815
7 5 10 1 5 5 2 3 2 813
7 5 10 1 5 5 3 2 2 806
7 5 10 1 6 4 2 2 3 732
7 5 10 1 6 4 2 3 2 750
7 5 10 1 6 4 3 2 2 672
7 5 10 1 7 3 2 2 3 442
7 5 10 1 7 3 2 3 2 452
7 5 10 1 7 3 3 2 2 405
7 5 10 1 8 2 2 2 3 255
7 5 10 1 8 2 2 3 2 260
7 5 10 1 8 2 3 2 2 239
7 5 9 2 2 7 2 5 387
7 5 9 2 2 7 3 4 393
7 5 9 2 2 7 4 3 408
7 5 9 2 2 7 5 2 423
7 5 9 2 3 6 2 5 587
7 5 9 2 3 6 3 4 574
7 5 9 2 3 6 4 3 567
7 5 9 2 3 6 5 2 563
7 5 9 2 4 5 2 5 853
7 5 9 2 4 5 3 4 841
7 5 9 2 4 5 4 3 834
7 5 9 2 4 5 5 2 819
7 5 9 2 5 4 2 5 1013
7 5 9 2 5 4 3 4 1008
7 5 9 2 5 4 4 3 986
7 5 9 2 6 3 2 5 687
7 5 9 2 6 3 3 4 669
7 5 9 2 7 2 2 5 440
7 5 9 2 9 2 2 3 143
7 5 9 2 9 2 3 2 134
7 5 9 2 9 3 2 2 133
7 6 11 2 2 7 2 2 3 447
7 6 11 2 2 7 2 3 2 418
7 6 11 2 2 7 3 2 2 432
7 6 11 2 3 6 2 2 3 595
7 6 11 2 3 6 2 3 2 591
7 6 11 2 3 6 3 2 2 578
7 6 11 2 4 5 2 2 3 861
7 6 11 2 4 5 2 3 2 857
7 6 11 2 4 5 3 2 2 845
7 6 11 2 5 4 2 2 3 1017
7 6 11 2 5 4 2 3 2 1015
7 6 11 2 5 4 3 2 2 1010
7 6 11 2 6 3 2 2 3 691
7 6 11 2 6 3 2 3 2 689
7 6 11 2 6 3 3 2 2 674
7 6 11 2 7 2 2 2 3 445
7 6 11 2 7 2 2 3 2 444
7 6 11 2 7 2 3 2 2 417
7 6 12 1 2 2 6 2 2 3 741
7 6 12 1 2 2 6 2 3 2 694
7 6 12 1 2 2 6 3 2 2 715
7 6 12 1 2 3 5 2 2 3 940
7 6 12 1 2 3 5 2 3 2 933
7 6 12 1 2 3 5 3 2 2 913
7 6 12 1 2 4 4 2 2 3 1229
7 6 12 1 2 4 4 2 3 2 1224
7 6 12 1 2 4 4 3 2 2 1209
7 6 12 1 2 5 3 2 2 3 1085
7 6 12 1 2 5 3 2 3 2 1083
7 6 12 1 2 5 3 3 2 2 1035
7 6 12 1 2 6 2 2 2 3 737
7 6 12 1 2 6 2 2 3 2 740
7 6 12 1 3 2 5 2 2 3 1126
7 6 12 1 3 2 5 2 3 2 1062
7 6 12 1 3 2 5 3 2 2 1087
7 6 12 1 3 3 4 2 2 3 1310
7 6 12 1 3 3 4 2 3 2 1300
7 6 12 1 3 3 4 3 2 2 1275
7 6 12 1 3 4 3 2 2 3 1273
7 6 12 1 3 4 3 2 3 2 1271
7 6 12 1 3 5 2 2 2 3 941
7 6 12 1 4 2 4 2 2 3 1380
7 6 12 1 4 2 4 2 3 2 1378
7 6 12 1 4 3 3 2 2 3 1365
7 7 13 2 2 2 5 2 2 3 1127
7 7 13 2 2 2 5 2 3 2 1063
7 7 13 2 2 2 5 3 2 2 1088
7 7 13 2 2 3 4 2 2 3 1311
7 7 13 2 2 3 4 2 3 2 1301
7 7 13 2 2 4 3 2 2 3 1423
7 7 13 2 3 2 4 2 2 3 1461
8 2 4 1 9 8 162
8 3 5 2 8 8 163
8 3 6 1 2 7 8 165
8 3 6 1 3 6 8 168
8 3 6 1 4 5 8 174
8 3 6 1 5 4 8 185
8 3 6 1 9 2 6 120
8 3 6 1 9 3 5 121
8 3 6 1 9 4 4 124
8 3 6 1 9 5 3 129
8 3 6 1 9 6 2 153
8 4 7 2 2 6 8 169
8 4 7 2 3 5 8 175
8 4 7 2 8 2 6 216
8 4 7 2 8 3 5 218
8 4 7 2 8 4 4 223
8 4 7 2 8 5 3 219
8 4 7 2 8 6 2 215
8 4 8 1 2 7 2 6 378
8 4 8 1 2 7 3 5 382
8 4 8 1 2 7 4 4 390
8 4 8 1 2 7 5 3 407
8 4 8 1 2 7 6 2 421
8 4 8 1 3 6 2 6 586
8 4 8 1 3 6 3 5 573
8 4 8 1 3 6 4 4 566
8 4 8 1 3 6 5 3 562
8 4 8 1 3 6 6 2 495
8 4 8 1 4 5 2 6 772
8 4 8 1 4 5 3 5 840
8 4 8 1 4 5 4 4 833
8 4 8 1 4 5 5 3 808
8 4 8 1 4 5 6 2 513
8 4 8 1 5 4 2 6 775
8 4 8 1 5 4 3 5 962
8 4 8 1 5 4 4 4 985
8 4 8 1 5 4 5 3 848
8 4 8 1 5 4 6 2 545
8 4 8 1 6 3 2 6 760
8 4 8 1 6 3 3 5 668
8 4 8 1 6 3 4 4 649
8 4 8 1 6 3 5 3 631
8 4 8 1 6 3 6 2 601
8 4 8 1 7 2 2 6 461
8 4 8 1 7 2 3 5 410
8 4 8 1 7 2 4 4 394
8 4 8 1 7 2 5 3 384
8 4 8 1 7 2 6 2 377
8 4 8 1 9 2 2 4 149
8 4 8 1 9 2 3 3 132
8 4 8 1 9 2 4 2 127
8 4 8 1 9 3 2 3 148
8 4 8 1 9 3 3 2 130
8 4 8 1 9 4 2 2 147
8 5 10 1 2 2 5 2 6 774
8 5 10 1 2 2 5 3 5 961
8 5 10 1 2 2 5 4 4 989
8 5 10 1 2 2 5 5 3 810
8 5 10 1 2 2 5 6 2 515
8 5 10 1 2 3 4 2 6 777
8 5 10 1 2 3 4 3 5 964
8 5 10 1 2 3 4 4 4 1197
8 5 10 1 2 3 4 5 3 850
8 5 10 1 2 4 3 2 6 781
8 5 10 1 2 4 3 3 5 968
8 5 10 1 2 4 3 4 4 1244
8 5 10 1 2 5 2 2 6 787
8 5 10 1 2 5 2 3 5 974
8 5 10 1 2 7 2 2 4 446
8 5 10 1 2 7 2 3 3 413
8 5 10 1 2 7 2 4 2 399
8 5 10 1 2 7 3 2 3 431
8 5 10 1 2 7 3 3 2 406
8 5 10 1 2 7 4 2 2 426
8 5 10 1 3 2 4 2 6 778
8 5 10 1 3 2 4 3 5 965
8 5 10 1 3 2 4 4 4 1198
8 5 10 1 3 3 3 2 6 782
8 5 10 1 3 3 3 3 5 969
8 5 10 1 3 4 2 2 6 788
8 5 10 1 3 6 2 2 4 594
8 5 10 1 3 6 2 3 3 590
8 5 10 1 3 6 2 4 2 588
8 5 10 1 3 6 3 2 3 577
8 5 10 1 3 6 3 3 2 575
8 5 10 1 3 6 4 2 2 568
8 5 10 1 4 2 3 2 6 784
8 5 10 1 4 5 2 2 4 860
8 5 10 1 4 5 2 3 3 856
8 5 10 1 4 5 2 4 2 854
8 5 10 1 4 5 3 2 3 844
8 5 10 1 4 5 3 3 2 842
8 5 10 1 4 5 4 2 2 835
8 5 10 1 5 4 2 2 4 1106
8 5 10 1 5 4 2 3 3 1113
8 5 10 1 5 4 2 4 2 1141
8 5 10 1 5 4 3 2 3 1031
8 5 10 1 5 4 3 3 2 1026
8 5 10 1 5 4 4 2 2 987
8 5 10 1 6 3 2 2 4 728
8 5 10 1 6 3 2 3 3 733
8 5 10 1 6 3 2 4 2 751
8 5 10 1 6 3 3 2 3 673
8 5 10 1 6 3 3 3 2 670
8 5 10 1 6 3 4 2 2 651
8 5 10 1 7 2 2 2 4 441
8 5 10 1 7 2 2 3 3 443
8 5 10 1 7 2 2 4 2 453
8 5 10 1 7 2 3 2 3 415
8 5 10 1 7 2 3 3 2 412
8 5 10 1 7 2 4 2 2 398
8 5 9 2 2 6 2 6 636
8 5 9 2 2 6 3 5 633
8 5 9 2 2 6 4 4 648
8 5 9 2 2 6 5 3 677
8 5 9 2 2 6 6 2 496
8 5 9 2 3 5 2 6 773
8 5 9 2 3 5 3 5 903
8 5 9 2 3 5 4 4 891
8 5 9 2 3 5 5 3 809
8 5 9 2 3 5 6 2 514
8 5 9 2 4 4 2 6 776
8 5 9 2 4 4 3 5 963
8 5 9 2 4 4 4 4 1190
8 5 9 2 4 4 5 3 849
8 5 9 2 4 4 6 2 546
8 5 9 2 5 3 2 6 780
8 5 9 2 5 3 3 5 967
8 5 9 2 5 3 4 4 990
8 5 9 2 5 3 5 3 917
8 5 9 2 5 3 6 2 602
8 5 9 2 6 2 2 6 726
8 5 9 2 6 2 3 5 681
8 5 9 2 6 2 4 4 655
8 5 9 2 6 2 5 3 639
8 5 9 2 8 2 2 4 254
8 5 9 2 8 2 3 3 237
8 5 9 2 8 2 4 2 228
8 5 9 2 8 3 2 3 238
8 5 9 2 8 3 3 2 233
8 5 9 2 8 4 2 2 227
8 6 11 2 2 2 4 2 6 779
8 6 11 2 2 2 4 3 5 966
8 6 11 2 2 3 3 2 6 783
8 6 11 2 2 6 2 2 4 739
8 6 11 2 2 6 2 3 3 686
8 6 11 2 2 6 2 4 2 663
8 6 11 2 2 6 3 2 3 713
8 6 11 2 2 6 3 3 2 676
8 6 11 2 2 6 4 2 2 704
8 6 11 2 3 5 2 2 4 938
8 6 11 2 3 5 2 3 3 931
8 6 11 2 3 5 2 4 2 927
8 6 11 2 3 5 3 2 3 911
8 6 11 2 3 5 3 3 2 907
8 6 11 2 3 5 4 2 2 895
8 6 11 2 4 4 2 2 4 1227
8 6 11 2 4 4 2 3 3 1222
8 6 11 2 4 4 2 4 2 1218
8 6 11 2 4 4 3 2 3 1207
8 6 11 2 4 4 3 3 2 1203
8 6 11 2 4 4 4 2 2 1194
8 6 11 2 5 3 2 2 4 1057
8 6 11 2 5 3 2 3 3 1054
8 6 11 2 5 3 2 4 2 1052
8 6 11 2 5 3 3 2 3 1033
8 6 11 2 5 3 3 3 2 1028
8 6 11 2 5 3 4 2 2 994
8 6 11 2 6 2 2 2 4 731
8 6 11 2 6 2 2 3 3 735
8 6 11 2 6 2 2 4 2 730
8 6 11 2 6 2 3 2 3 690
8 6 11 2 6 2 3 3 2 685
8 6 11 2 6 2 4 2 2 662
8 6 11 2 8 2 2 2 2 257
8 6 12 1 2 2 5 2 2 4 1124
8 6 12 1 2 2 5 2 3 3 1050
8 6 12 1 2 2 5 2 4 2 1020
8 6 12 1 2 2 5 3 2 3 1084
8 6 12 1 2 2 5 3 3 2 1037
8 6 12 1 2 2 5 4 2 2 1071
8 6 12 1 2 3 4 2 2 4 1307
8 6 12 1 2 3 4 2 3 3 1297
8 6 12 1 2 3 4 2 4 2 1291
8 6 12 1 2 3 4 3 2 3 1272
8 6 12 1 2 3 4 3 3 2 1266
8 6 12 1 2 3 4 4 2 2 1234
8 6 12 1 2 4 3 2 2 4 1422
8 6 12 1 2 4 3 2 3 3 1418
8 6 12 1 2 4 3 2 4 2 1416
8 6 12 1 2 4 3 3 2 3 1364
8 6 12 1 2 4 3 3 3 2 1360
8 6 12 1 2 4 3 4 2 2 1319
8 6 12 1 2 5 2 2 2 4 1112
8 6 12 1 2 5 2 2 3 3 1116
8 6 12 1 2 5 2 2 4 2 1123
8 6 12 1 2 5 2 3 2 3 1056
8 6 12 1 2 5 2 3 3 2 1049
8 6 12 1 2 5 2 4 2 2 1019
8 6 12 1 2 7 2 2 2 2 448
8 6 12 1 3 2 4 2 2 4 1457
8 6 12 1 3 2 4 2 3 3 1393
8 6 12 1 3 2 4 2 4 2 1383
8 6 12 1 3 2 4 3 2 3 1420
8 6 12 1 3 2 4 3 3 2 1368
8 6 12 1 3 2 4 4 2 2 1235
8 6 12 1 3 3 3 2 2 4 1501
8 6 12 1 3 3 3 2 3 3 1517
8 6 12 1 3 3 3 2 4 2 1485
8 6 12 1 3 3 3 3 2 3 1512
8 6 12 1 3 3 3 3 3 2 1510
8 6 12 1 3 3 3 4 2 2 1320
8 6 12 1 3 4 2 2 2 4 1312
8 6 12 1 3 4 2 2 3 3 1308
8 6 12 1 3 4 2 2 4 2 1306
8 6 12 1 3 4 2 3 2 3 1298
8 6 12 1 3 4 2 3 3 2 1296
8 6 12 1 3 4 2 4 2 2 1290
8 6 12 1 3 6 2 2 2 2 596
8 6 12 1 4 2 3 2 2 4 1402
8 6 12 1 4 2 3 2 3 3 1398
8 6 12 1 4 2 3 2 4 2 1396
8 6 12 1 4 2 3 3 2 3 1390
8 6 12 1 4 2 3 3 3 2 1388
8 6 12 1 4 2 3 4 2 2 1322
8 6 12 1 4 3 2 2 2 4 1475
8 6 12 1 4 3 2 2 3 3 1450
8 6 12 1 4 3 2 2 4 2 1442
8 6 12 1 4 3 2 3 2 3 1474
8 6 12 1 4 3 2 3 3 2 1446
8 6 12 1 4 5 2 2 2 2 862
8 6 12 1 5 2 2 2 2 4 1137
8 6 12 1 5 2 2 2 3 3 1118
8 6 12 1 5 2 2 2 4 2 1111
8 6 12 1 5 2 2 3 2 3 1136
8 6 12 1 5 4 2 2 2 2 1132
8 6 12 1 6 3 2 2 2 2 744
8 6 12 1 7 2 2 2 2 2 449
8 7 13 2 2 2 4 2 2 4 1458
8 7 13 2 2 2 4 2 3 3 1394
8 7 13 2 2 2 4 2 4 2 1384
8 7 13 2 2 2 4 3 2 3 1421
8 7 13 2 2 2 4 3 3 2 1369
8 7 13 2 2 2 4 4 2 2 1236
8 7 13 2 2 3 3 2 2 4 1502
8 7 13 2 2 3 3 2 3 3 1531
8 7 13 2 2 3 3 2 4 2 1486
8 7 13 2 2 3 3 3 2 3 1519
8 7 13 2 2 3 3 3 3 2 1514
8 7 13 2 2 3 3 4 2 2 1321
8 7 13 2 2 4 2 2 2 4 1445
8 7 13 2 2 4 2 2 3 3 1449
8 7 13 2 2 4 2 2 4 2 1456
8 7 13 2 2 4 2 3 2 3 1401
8 7 13 2 2 4 2 3 3 2 1392
8 7 13 2 2 6 2 2 2 2 743
8 7 13 2 3 2 3 2 2 4 1503
8 7 13 2 3 2 3 2 3 3 1556
8 7 13 2 3 2 3 2 4 2 1487
8 7 13 2 3 2 3 3 2 3 1536
8 7 13 2 3 2 3 3 3 2 1524
8 7 13 2 3 3 2 2 2 4 1505
8 7 13 2 3 3 2 2 3 3 1538
8 7 13 2 3 3 2 2 4 2 1489
8 7 13 2 3 3 2 3 2 3 1532
8 7 13 2 3 5 2 2 2 2 942
8 7 13 2 4 2 2 2 2 4 1463
8 7 13 2 4 2 2 2 3 3 1451
8 7 13 2 4 4 2 2 2 2 1231
8 7 13 2 5 3 2 2 2 2 1059
8 7 13 2 6 2 2 2 2 2 742
8 7 14 1 2 2 2 3 2 2 4 1504
8 7 14 1 2 2 2 3 2 3 3 1557
8 7 14 1 2 2 3 2 2 2 4 1506
8 7 14 1 2 2 5 2 2 2 2 1131
8 7 14 1 2 3 4 2 2 2 2 1315
8 7 14 1 2 4 3 2 2 2 2 1424
8 7 14 1 2 5 2 2 2 2 2 1129
8 7 14 1 3 2 4 2 2 2 2 1471
8 7 14 1 3 3 3 2 2 2 2 1521
8 7 14 1 3 4 2 2 2 2 2 1314
8 7 14 1 4 2 3 2 2 2 2 1406
8 7 14 1 4 3 2 2 2 2 2 1468
8 7 14 1 5 2 2 2 2 2 2 1130
8 8 15 2 2 2 4 2 2 2 2 1472
8 8 15 2 2 3 3 2 2 2 2 1546
8 8 15 2 2 4 2 2 2 2 2 1467
8 8 15 2 3 2 3 2 2 2 2 1565
8 8 15 2 3 3 2 2 2 2 2 1545
8 8 15 2 4 2 2 2 2 2 2 1466
8 8 16 1 2 2 2 3 2 2 2 2 1590
8 8 16 1 2 2 3 2 2 2 2 2 1589
8 8 16 1 2 3 2 2 2 2 2 2 1587
8 8 16 1 3 2 2 2 2 2 2 2 1588
9 2 4 1 8 9 91
9 3 5 2 7 9 92
9 3 6 1 2 6 9 94
9 3 6 1 3 5 9 97
9 3 6 1 4 4 9 103
9 3 6 1 5 3 9 114
9 3 6 1 6 2 9 154
9 3 6 1 8 2 7 213
9 3 6 1 8 3 6 214
9 3 6 1 8 4 5 217
9 3 6 1 8 5 4 222
9 3 6 1 8 6 3 230
9 3 6 1 8 7 2 272
9 4 7 2 2 5 9 98
9 4 7 2 3 4 9 104
9 4 7 2 4 3 9 115
9 4 7 2 7 2 7 375
9 4 7 2 7 3 6 374
9 4 7 2 7 4 5 380
9 4 7 2 7 5 4 383
9 4 7 2 7 6 3 376
9 4 7 2 7 7 2 287
9 4 8 1 2 6 2 7 470
9 4 8 1 2 6 3 6 609
9 4 8 1 2 6 4 5 630
9 4 8 1 2 6 5 4 647
9 4 8 1 2 6 6 3 492
9 4 8 1 2 6 7 2 293
9 4 8 1 3 5 2 7 471
9 4 8 1 3 5 3 6 610
9 4 8 1 3 5 4 5 874
9 4 8 1 3 5 5 4 802
9 4 8 1 3 5 6 3 507
9 4 8 1 3 5 7 2 303
9 4 8 1 4 4 2 7 473
9 4 8 1 4 4 3 6 612
9 4 8 1 4 4 4 5 876
9 4 8 1 4 4 5 4 837
9 4 8 1 4 4 6 3 534
9 4 8 1 4 4 7 2 322
9 4 8 1 5 3 2 7 476
9 4 8 1 5 3 3 6 615
9 4 8 1 5 3 4 5 879
9 4 8 1 5 3 5 4 898
9 4 8 1 5 3 6 3 581
9 4 8 1 5 3 7 2 355
9 4 8 1 6 2 2 7 481
9 4 8 1 6 2 3 6 620
9 4 8 1 6 2 4 5 654
9 4 8 1 6 2 5 4 637
9 4 8 1 6 2 6 3 634
9 4 8 1 6 2 7 2 462
9 4 8 1 8 2 4 3 226
9 4 8 1 8 2 5 2 220
9 4 8 1 8 3 2 4 265
9 4 8 1 8 3 3 3 232
9 4 8 1 8 3 4 2 224
9 4 8 1 8 4 2 3 264
9 4 8 1 8 4 3 2 231
9 4 8 1 8 5 2 2 263
9 5 10 1 2 2 4 2 7 475
9 5 10 1 2 2 4 3 6 614
9 5 10 1 2 2 4 4 5 878
9 5 10 1 2 2 4 5 4 839
9 5 10 1 2 2 4 6 3 536
9 5 10 1 2 2 4 7 2 324
9 5 10 1 2 3 3 2 7 478
9 5 10 1 2 3 3 3 6 617
9 5 10 1 2 3 3 4 5 881
9 5 10 1 2 3 3 5 4 900
9 5 10 1 2 3 3 6 3 583
9 5 10 1 2 3 3 7 2 357
9 5 10 1 2 4 2 2 7 483
9 5 10 1 2 4 2 3 6 622
9 5 10 1 2 4 2 4 5 885
9 5 10 1 2 4 2 5 4 1075
9 5 10 1 2 4 2 6 3 720
9 5 10 1 2 6 2 2 5 738
9 5 10 1 2 6 2 3 4 683
9 5 10 1 2 6 2 4 3 658
9 5 10 1 2 6 2 5 2 642
9 5 10 1 2 6 3 2 4 712
9 5 10 1 2 6 3 3 3 671
9 5 10 1 2 6 3 4 2 652
9 5 10 1 2 6 4 2 3 703
9 5 10 1 2 6 4 3 2 675
9 5 10 1 2 6 5 2 2 698
9 5 10 1 3 2 3 2 7 479
9 5 10 1 3 2 3 3 6 618
9 5 10 1 3 2 3 4 5 882
9 5 10 1 3 2 3 5 4 901
9 5 10 1 3 2 3 6 3 584
9 5 10 1 3 3 2 2 7 484
9 5 10 1 3 3 2 3 6 623
9 5 10 1 3 3 2 4 5 886
9 5 10 1 3 3 2 5 4 1076
9 5 10 1 3 5 2 2 5 937
9 5 10 1 3 5 2 3 4 930
9 5 10 1 3 5 2 4 3 926
9 5 10 1 3 5 2 5 2 924
9 5 10 1 3 5 3 2 4 910
9 5 10 1 3 5 3 3 3 906
9 5 10 1 3 5 3 4 2 904
9 5 10 1 3 5 4 2 3 894
9 5 10 1 3 5 4 3 2 892
9 5 10 1 3 5 5 2 2 817
9 5 10 1 4 2 2 2 7 486
9 5 10 1 4 2 2 3 6 625
9 5 10 1 4 2 2 4 5 888
9 5 10 1 4 4 2 2 5 1177
9 5 10 1 4 4 2 3 4 1221
9 5 10 1 4 4 2 4 3 1217
9 5 10 1 4 4 2 5 2 1149
9 5 10 1 4 4 3 2 4 1206
9 5 10 1 4 4 3 3 3 1202
9 5 10 1 4 4 3 4 2 1200
9 5 10 1 4 4 4 2 3 1193
9 5 10 1 4 4 4 3 2 1191
9 5 10 1 4 4 5 2 2 864
9 5 10 1 5 3 2 2 5 1103
9 5 10 1 5 3 2 3 4 1107
9 5 10 1 5 3 2 4 3 1114
9 5 10 1 5 3 2 5 2 1142
9 5 10 1 5 3 3 2 4 1032
9 5 10 1 5 3 3 3 3 1027
9 5 10 1 5 3 3 4 2 1024
9 5 10 1 5 3 4 2 3 993
9 5 10 1 5 3 4 3 2 991
9 5 10 1 5 3 5 2 2 945
9 5 10 1 6 2 2 2 5 727
9 5 10 1 6 2 2 3 4 729
9 5 10 1 6 2 2 4 3 734
9 5 10 1 6 2 2 5 2 752
9 5 10 1 6 2 3 2 4 688
9 5 10 1 6 2 3 3 3 684
9 5 10 1 6 2 3 4 2 682
9 5 10 1 6 2 4 2 3 660
9 5 10 1 6 2 4 3 2 657
9 5 10 1 6 2 5 2 2 641
9 5 9 2 2 5 2 7 472
9 5 9 2 2 5 3 6 611
9 5 9 2 2 5 4 5 875
9 5 9 2 2 5 5 4 803
9 5 9 2 2 5 6 3 508
9 5 9 2 2 5 7 2 304
9 5 9 2 3 4 2 7 474
9 5 9 2 3 4 3 6 613
9 5 9 2 3 4 4 5 877
9 5 9 2 3 4 5 4 838
9 5 9 2 3 4 6 3 535
9 5 9 2 3 4 7 2 323
9 5 9 2 4 3 2 7 477
9 5 9 2 4 3 3 6 616
9 5 9 2 4 3 4 5 880
9 5 9 2 4 3 5 4 899
9 5 9 2 4 3 6 3 582
9 5 9 2 4 3 7 2 356
9 5 9 2 5 2 2 7 482
9 5 9 2 5 2 3 6 621
9 5 9 2 5 2 4 5 884
9 5 9 2 5 2 5 4 998
9 5 9 2 5 2 6 3 719
9 5 9 2 5 2 7 2 463
9 5 9 2 7 2 3 4 411
9 5 9 2 7 2 4 3 396
9 5 9 2 7 2 5 2 386
9 5 9 2 7 3 2 4 414
9 5 9 2 7 3 3 3 404
9 5 9 2 7 3 4 2 392
9 5 9 2 7 4 2 3 397
9 5 9 2 7 4 3 2 395
9 5 9 2 7 5 2 2 385
9 6 11 2 2 2 3 2 7 480
9 6 11 2 2 2 3 3 6 619
9 6 11 2 2 2 3 4 5 883
9 6 11 2 2 2 3 5 4 902
9 6 11 2 2 3 2 2 7 485
9 6 11 2 2 3 2 3 6 624
9 6 11 2 2 3 2 4 5 887
9 6 11 2 2 5 2 2 5 1122
9 6 11 2 2 5 2 3 4 1045
9 6 11 2 2 5 2 4 3 1012
9 6 11 2 2 5 2 5 2 1003
9 6 11 2 2 5 3 2 4 1082
9 6 11 2 2 5 3 3 3 1030
9 6 11 2 2 5 3 4 2 995
9 6 11 2 2 5 4 2 3 1069
9 6 11 2 2 5 4 3 2 1036
9 6 11 2 2 5 5 2 2 818
9 6 11 2 3 2 2 2 7 487
9 6 11 2 3 2 2 3 6 626
9 6 11 2 3 4 2 2 5 1178
9 6 11 2 3 4 2 3 4 1295
9 6 11 2 3 4 2 4 3 1289
9 6 11 2 3 4 2 5 2 1150
9 6 11 2 3 4 3 2 4 1270
9 6 11 2 3 4 3 3 3 1264
9 6 11 2 3 4 3 4 2 1260
9 6 11 2 3 4 4 2 3 1225
9 6 11 2 3 4 4 3 2 1210
9 6 11 2 3 4 5 2 2 865
9 6 11 2 4 3 2 2 5 1180
9 6 11 2 4 3 2 3 4 1348
9 6 11 2 4 3 2 4 3 1395
9 6 11 2 4 3 2 5 2 1152
9 6 11 2 4 3 3 2 4 1362
9 6 11 2 4 3 3 3 3 1358
9 6 11 2 4 3 3 4 2 1326
9 6 11 2 4 3 4 2 3 1302
9 6 11 2 4 3 4 3 2 1277
9 6 11 2 4 3 5 2 2 946
9 6 11 2 5 2 2 2 5 1105
9 6 11 2 5 2 2 3 4 1109
9 6 11 2 5 2 2 4 3 1110
9 6 11 2 5 2 2 5 2 1104
9 6 11 2 5 2 3 2 4 1053
9 6 11 2 5 2 3 3 3 1047
9 6 11 2 5 2 3 4 2 1044
9 6 11 2 5 2 4 2 3 1016
9 6 11 2 5 2 4 3 2 1011
9 6 11 2 5 2 5 2 2 1002
9 6 12 1 2 2 4 2 2 5 1179
9 6 12 1 2 2 4 2 3 4 1347
9 6 12 1 2 2 4 2 4 3 1376
9 6 12 1 2 2 4 2 5 2 1151
9 6 12 1 2 2 4 3 2 4 1417
9 6 12 1 2 2 4 3 3 3 1361
9 6 12 1 2 2 4 3 4 2 1325
9 6 12 1 2 2 4 4 2 3 1226
9 6 12 1 2 2 4 4 3 2 1211
9 6 12 1 2 2 4 5 2 2 866
9 6 12 1 2 3 3 2 2 5 1181
9 6 12 1 2 3 3 2 3 4 1349
9 6 12 1 2 3 3 2 4 3 1433
9 6 12 1 2 3 3 2 5 2 1153
9 6 12 1 2 3 3 3 2 4 1494
9 6 12 1 2 3 3 3 3 3 1511
9 6 12 1 2 3 3 3 4 2 1327
9 6 12 1 2 3 3 4 2 3 1303
9 6 12 1 2 3 3 4 3 2 1278
9 6 12 1 2 3 3 5 2 2 947
9 6 12 1 2 4 2 2 2 5 1184
9 6 12 1 2 4 2 2 3 4 1352
9 6 12 1 2 4 2 2 4 3 1436
9 6 12 1 2 4 2 2 5 2 1156
9 6 12 1 2 4 2 3 2 4 1397
9 6 12 1 2 4 2 3 3 3 1389
9 6 12 1 2 4 2 3 4 2 1330
9 6 12 1 2 4 2 4 2 3 1379
9 6 12 1 2 4 2 4 3 2 1375
9 6 12 1 2 4 2 5 2 2 1143
9 6 12 1 2 6 2 3 2 2 693
9 6 12 1 2 6 3 2 2 2 714
9 6 12 1 3 2 3 2 2 5 1182
9 6 12 1 3 2 3 2 3 4 1350
9 6 12 1 3 2 3 2 4 3 1434
9 6 12 1 3 2 3 2 5 2 1154
9 6 12 1 3 2 3 3 2 4 1495
9 6 12 1 3 2 3 3 3 3 1515
9 6 12 1 3 2 3 3 4 2 1328
9 6 12 1 3 2 3 4 2 3 1304
9 6 12 1 3 2 3 4 3 2 1279
9 6 12 1 3 2 3 5 2 2 948
9 6 12 1 3 3 2 2 2 5 1185
9 6 12 1 3 3 2 2 3 4 1353
9 6 12 1 3 3 2 2 4 3 1437
9 6 12 1 3 3 2 2 5 2 1157
9 6 12 1 3 3 2 3 2 4 1497
9 6 12 1 3 3 2 3 3 3 1526
9 6 12 1 3 3 2 3 4 2 1331
9 6 12 1 3 3 2 4 2 3 1411
9 6 12 1 3 3 2 4 3 2 1428
9 6 12 1 3 3 2 5 2 2 1144
9 6 12 1 3 5 2 2 3 2 939
9 6 12 1 3 5 2 3 2 2 932
9 6 12 1 3 5 3 2 2 2 912
9 6 12 1 4 2 2 2 2 5 1187
9 6 12 1 4 2 2 2 3 4 1355
9 6 12 1 4 2 2 2 4 3 1439
9 6 12 1 4 2 2 2 5 2 1159
9 6 12 1 4 2 2 3 2 4 1476
9 6 12 1 4 2 2 3 3 3 1447
9 6 12 1 4 2 2 3 4 2 1333
9 6 12 1 4 2 2 4 2 3 1413
9 6 12 1 4 2 2 4 3 2 1430
9 6 12 1 4 2 2 5 2 2 1146
9 6 12 1 4 4 2 2 2 3 1230
9 6 12 1 4 4 2 2 3 2 1228
9 6 12 1 4 4 2 3 2 2 1223
9 6 12 1 4 4 3 2 2 2 1208
9 6 12 1 5 3 2 2 2 3 1134
9 6 12 1 5 3 2 2 3 2 1117
9 6 12 1 5 3 2 3 2 2 1133
9 6 12 1 5 3 3 2 2 2 1034
9 6 12 1 6 2 2 2 2 3 746
9 6 12 1 6 2 2 2 3 2 736
9 6 12 1 6 2 2 3 2 2 745
9 6 12 1 6 2 3 2 2 2 692
9 7 13 2 2 2 3 2 2 5 1183
9 7 13 2 2 2 3 2 3 4 1351
9 7 13 2 2 2 3 2 4 3 1435
9 7 13 2 2 2 3 2 5 2 1155
9 7 13 2 2 2 3 3 2 4 1496
9 7 13 2 2 2 3 3 3 3 1516
9 7 13 2 2 2 3 3 4 2 1329
9 7 13 2 2 2 3 4 2 3 1305
9 7 13 2 2 2 3 4 3 2 1280
9 7 13 2 2 2 3 5 2 2 949
9 7 13 2 2 3 2 2 2 5 1186
9 7 13 2 2 3 2 2 3 4 1354
9 7 13 2 2 3 2 2 4 3 1438
9 7 13 2 2 3 2 2 5 2 1158
9 7 13 2 2 3 2 3 2 4 1498
9 7 13 2 2 3 2 3 3 3 1527
9 7 13 2 2 3 2 3 4 2 1332
9 7 13 2 2 3 2 4 2 3 1412
9 7 13 2 2 3 2 4 3 2 1429
9 7 13 2 2 3 2 5 2 2 1145
9 7 13 2 2 5 2 2 2 3 1121
9 7 13 2 2 5 2 2 3 2 1125
9 7 13 2 2 5 2 3 2 2 1061
9 7 13 2 2 5 3 2 2 2 1086
9 7 13 2 3 2 2 2 2 5 1188
9 7 13 2 3 2 2 2 3 4 1356
9 7 13 2 3 2 2 2 4 3 1440
9 7 13 2 3 2 2 2 5 2 1160
9 7 13 2 3 2 2 3 2 4 1499
9 7 13 2 3 2 2 3 3 3 1528
9 7 13 2 3 2 2 3 4 2 1334
9 7 13 2 3 2 2 4 2 3 1414
9 7 13 2 3 2 2 4 3 2 1431
9 7 13 2 3 2 2 5 2 2 1147
9 7 13 2 3 4 2 2 2 3 1313
9 7 13 2 3 4 2 2 3 2 1309
9 7 13 2 3 4 2 3 2 2 1299
9 7 13 2 3 4 3 2 2 2 1274
9 7 13 2 4 3 2 2 2 3 1405
9 7 13 2 4 3 2 2 3 2 1403
9 7 13 2 4 3 2 3 2 2 1399
9 7 13 2 4 3 3 2 2 2 1366
9 7 13 2 5 2 2 2 2 3 1128
9 7 13 2 5 2 2 2 3 2 1120
9 7 13 2 5 2 2 3 2 2 1119
9 7 13 2 5 2 3 2 2 2 1060
9 7 14 1 2 2 2 2 2 2 5 1189
9 7 14 1 2 2 2 2 2 3 4 1357
9 7 14 1 2 2 2 2 2 4 3 1441
9 7 14 1 2 2 2 2 2 5 2 1161
9 7 14 1 2 2 2 2 3 2 4 1500
9 7 14 1 2 2 2 2 3 3 3 1529
9 7 14 1 2 2 2 2 3 4 2 1335
9 7 14 1 2 2 2 2 4 2 3 1415
9 7 14 1 2 2 4 2 2 2 3 1455
9 7 14 1 2 2 4 2 2 3 2 1460
9 7 14 1 2 2 4 2 3 2 2 1408
9 7 14 1 2 2 4 3 2 2 2 1425
9 7 14 1 2 3 3 2 2 2 3 1543
9 7 14 1 2 3 3 2 2 3 2 1540
9 7 14 1 2 3 3 2 3 2 2 1534
9 7 14 1 2 3 3 3 2 2 2 1522
9 7 14 1 2 4 2 2 2 2 3 1465
9 7 14 1 2 4 2 2 2 3 2 1454
9 7 14 1 2 4 2 2 3 2 2 1459
9 7 14 1 2 4 2 3 2 2 2 1407
9 7 14 1 3 2 3 2 2 2 3 1584
9 7 14 1 3 2 3 2 2 3 2 1568
9 7 14 1 3 2 3 2 3 2 2 1575
9 7 14 1 3 2 3 3 2 2 2 1547
9 7 14 1 3 3 2 2 2 2 3 1544
9 7 14 1 3 3 2 2 2 3 2 1542
9 7 14 1 3 3 2 2 3 2 2 1539
9 7 14 1 3 3 2 3 2 2 2 1533
9 7 14 1 4 2 2 2 2 2 3 1464
9 7 14 1 4 2 2 2 2 3 2 1470
9 7 14 1 4 2 2 2 3 2 2 1453
9 7 14 1 4 2 2 3 2 2 2 1469
9 8 15 2 2 2 3 2 2 2 3 1585
9 8 15 2 2 2 3 2 2 3 2 1569
9 8 15 2 2 2 3 2 3 2 2 1576
9 8 15 2 2 2 3 3 2 2 2 1548
9 8 15 2 2 3 2 2 2 2 3 1582
9 8 15 2 2 3 2 2 2 3 2 1583
9 8 15 2 2 3 2 2 3 2 2 1567
9 8 15 2 2 3 2 3 2 2 2 1574
9 8 15 2 3 2 2 2 2 2 3 1586
9 8 15 2 3 2 2 2 2 3 2 1581
9 8 15 2 3 2 2 2 3 2 2 1580
9 8 15 2 3 2 2 3 2 2 2 1566
9 8 16 1 2 2 2 2 2 2 2 3 1594
9 8 16 1 2 2 2 2 2 2 3 2 1593
9 8 16 1 2 2 2 2 2 3 2 2 1592
9 8 16 1 2 2 2 2 3 2 2 2 1591
10 2 4 1 7 10 50
10 3 5 2 6 10 51
10 3 6 1 2 5 10 53
10 3 6 1 3 4 10 56
10 3 6 1 4 3 10 62
10 3 6 1 5 2 10 85
10 3 6 1 7 2 8 273
10 3 6 1 7 3 7 360
10 3 6 1 7 4 6 373
10 3 6 1 7 5 5 379
10 3 6 1 7 6 4 388
10 3 6 1 7 7 3 286
10 3 6 1 7 8 2 164
10 4 7 2 2 4 10 57
10 4 7 2 3 3 10 63
10 4 7 2 4 2 10 86
10 4 7 2 6 2 8 274
10 4 7 2 6 3 7 361
10 4 7 2 6 4 6 550
10 4 7 2 6 5 5 628
10 4 7 2 6 6 4 490
10 4 7 2 6 7 3 291
10 4 7 2 6 8 2 167
10 4 8 1 2 2 3 10 64
10 4 8 1 2 5 2 8 275
10 4 8 1 2 5 3 7 362
10 4 8 1 2 5 4 6 551
10 4 8 1 2 5 5 5 799
10 4 8 1 2 5 6 4 504
10 4 8 1 2 5 7 3 300
10 4 8 1 2 5 8 2 173
10 4 8 1 3 4 2 8 276
10 4 8 1 3 4 3 7 363
10 4 8 1 3 4 4 6 552
10 4 8 1 3 4 5 5 823
10 4 8 1 3 4 6 4 528
10 4 8 1 3 4 7 3 316
10 4 8 1 3 4 8 2 183
10 4 8 1 4 3 2 8 278
10 4 8 1 4 3 3 7 365
10 4 8 1 4 3 4 6 554
10 4 8 1 4 3 5 5 825
10 4 8 1 4 3 6 4 570
10 4 8 1 4 3 7 3 344
10 4 8 1 4 3 8 2 202
10 4 8 1 5 2 2 8 281
10 4 8 1 5 2 3 7 368
10 4 8 1 5 2 4 6 557
10 4 8 1 5 2 5 5 828
10 4 8 1 5 2 6 4 707
10 4 8 1 5 2 7 3 435
10 4 8 1 5 2 8 2 267
10 4 8 1 7 3 5 2 381
10 4 8 1 7 4 3 3 402
10 4 8 1 7 4 4 2 389
10 4 8 1 7 5 2 3 458
10 4 8 1 7 5 3 2 401
10 4 8 1 7 6 2 2 457
10 5 10 1 2 2 3 2 8 280
10 5 10 1 2 2 3 3 7 367
10 5 10 1 2 2 3 4 6 556
10 5 10 1 2 2 3 5 5 827
10 5 10 1 2 2 3 6 4 572
10 5 10 1 2 2 3 7 3 346
10 5 10 1 2 2 3 8 2 204
10 5 10 1 2 3 2 2 8 283
10 5 10 1 2 3 2 3 7 370
10 5 10 1 2 3 2 4 6 559
10 5 10 1 2 3 2 5 5 830
10 5 10 1 2 3 2 6 4 709
10 5 10 1 2 3 2 7 3 437
10 5 10 1 2 3 2 8 2 269
10 5 10 1 2 5 2 4 4 1007
10 5 10 1 2 5 2 5 3 1000
10 5 10 1 2 5 2 6 2 761
10 5 10 1 2 5 3 2 5 1081
10 5 10 1 2 5 3 3 4 1025
10 5 10 1 2 5 3 4 3 992
10 5 10 1 2 5 3 5 2 950
10 5 10 1 2 5 4 2 4 1068
10 5 10 1 2 5 4 3 3 1029
10 5 10 1 2 5 4 4 2 988
10 5 10 1 2 5 5 2 3 814
10 5 10 1 2 5 5 3 2 807
10 5 10 1 2 5 6 2 2 512
10 5 10 1 3 2 2 2 8 284
10 5 10 1 3 2 2 3 7 371
10 5 10 1 3 2 2 4 6 560
10 5 10 1 3 2 2 5 5 831
10 5 10 1 3 2 2 6 4 710
10 5 10 1 3 2 2 7 3 438
10 5 10 1 3 2 2 8 2 270
10 5 10 1 3 4 2 3 5 975
10 5 10 1 3 4 2 4 4 1250
10 5 10 1 3 4 2 5 3 1093
10 5 10 1 3 4 2 6 2 762
10 5 10 1 3 4 3 2 5 1168
10 5 10 1 3 4 3 3 4 1263
10 5 10 1 3 4 3 4 3 1259
10 5 10 1 3 4 3 5 2 951
10 5 10 1 3 4 4 2 4 1219
10 5 10 1 3 4 4 3 3 1204
10 5 10 1 3 4 4 4 2 1195
10 5 10 1 3 4 5 2 3 858
10 5 10 1 3 4 5 3 2 846
10 5 10 1 3 4 6 2 2 543
10 5 10 1 4 3 2 2 6 790
10 5 10 1 4 3 2 3 5 977
10 5 10 1 4 3 2 4 4 1252
10 5 10 1 4 3 2 5 3 1095
10 5 10 1 4 3 2 6 2 764
10 5 10 1 4 3 3 2 5 1170
10 5 10 1 4 3 3 3 4 1340
10 5 10 1 4 3 3 4 3 1282
10 5 10 1 4 3 3 5 2 953
10 5 10 1 4 3 4 2 4 1292
10 5 10 1 4 3 4 3 3 1267
10 5 10 1 4 3 4 4 2 1237
10 5 10 1 4 3 5 2 3 934
10 5 10 1 4 3 5 3 2 914
10 5 10 1 4 3 6 2 2 598
10 5 10 1 5 2 2 2 6 793
10 5 10 1 5 2 2 3 5 980
10 5 10 1 5 2 2 4 4 1108
10 5 10 1 5 2 2 5 3 1098
10 5 10 1 5 2 2 6 2 767
10 5 10 1 5 2 3 2 5 1051
10 5 10 1 5 2 3 3 4 1046
10 5 10 1 5 2 3 4 3 1043
10 5 10 1 5 2 3 5 2 956
10 5 10 1 5 2 4 2 4 1014
10 5 10 1 5 2 4 3 3 1009
10 5 10 1 5 2 4 4 2 1006
10 5 10 1 5 2 5 2 3 1001
10 5 10 1 5 2 5 3 2 999
10 5 10 1 5 2 6 2 2 753
10 5 9 2 2 4 2 8 277
10 5 9 2 2 4 3 7 364
10 5 9 2 2 4 4 6 553
10 5 9 2 2 4 5 5 824
10 5 9 2 2 4 6 4 529
10 5 9 2 2 4 7 3 317
10 5 9 2 2 4 8 2 184
10 5 9 2 3 3 2 8 279
10 5 9 2 3 3 3 7 366
10 5 9 2 3 3 4 6 555
10 5 9 2 3 3 5 5 826
10 5 9 2 3 3 6 4 571
10 5 9 2 3 3 7 3 345
10 5 9 2 3 3 8 2 203
10 5 9 2 4 2 2 8 282
10 5 9 2 4 2 3 7 369
10 5 9 2 4 2 4 6 558
10 5 9 2 4 2 5 5 829
10 5 9 2 4 2 6 4 708
10 5 9 2 4 2 7 3 436
10 5 9 2 4 2 8 2 268
10 5 9 2 6 2 6 2 635
10 5 9 2 6 3 4 3 650
10 5 9 2 6 3 5 2 632
10 5 9 2 6 4 2 4 659
10 5 9 2 6 4 3 3 656
10 5 9 2 6 4 4 2 646
10 5 9 2 6 5 2 3 640
10 5 9 2 6 5 3 2 638
10 5 9 2 6 6 2 2 494
10 6 11 2 2 2 2 2 8 285
10 6 11 2 2 2 2 3 7 372
10 6 11 2 2 2 2 4 6 561
10 6 11 2 2 2 2 5 5 832
10 6 11 2 2 2 2 6 4 711
10 6 11 2 2 2 2 7 3 439
10 6 11 2 2 4 2 2 6 789
10 6 11 2 2 4 2 3 5 976
10 6 11 2 2 4 2 4 4 1251
10 6 11 2 2 4 2 5 3 1094
10 6 11 2 2 4 2 6 2 763
10 6 11 2 2 4 3 2 5 1169
10 6 11 2 2 4 3 3 4 1339
10 6 11 2 2 4 3 4 3 1281
10 6 11 2 2 4 3 5 2 952
10 6 11 2 2 4 4 2 4 1220
10 6 11 2 2 4 4 3 3 1205
10 6 11 2 2 4 4 4 2 1196
10 6 11 2 2 4 5 2 3 859
10 6 11 2 2 4 5 3 2 847
10 6 11 2 2 4 6 2 2 544
10 6 11 2 3 3 2 2 6 791
10 6 11 2 3 3 2 3 5 978
10 6 11 2 3 3 2 4 4 1253
10 6 11 2 3 3 2 5 3 1096
10 6 11 2 3 3 2 6 2 765
10 6 11 2 3 3 3 2 5 1171
10 6 11 2 3 3 3 3 4 1341
10 6 11 2 3 3 3 4 3 1283
10 6 11 2 3 3 3 5 2 954
10 6 11 2 3 3 4 2 4 1293
10 6 11 2 3 3 4 3 3 1268
10 6 11 2 3 3 4 4 2 1238
10 6 11 2 3 3 5 2 3 935
10 6 11 2 3 3 5 3 2 915
10 6 11 2 3 3 6 2 2 599
10 6 11 2 4 2 2 2 6 794
10 6 11 2 4 2 2 3 5 981
10 6 11 2 4 2 2 4 4 1255
10 6 11 2 4 2 2 5 3 1099
10 6 11 2 4 2 2 6 2 768
10 6 11 2 4 2 3 2 5 1173
10 6 11 2 4 2 3 3 4 1343
10 6 11 2 4 2 3 4 3 1285
10 6 11 2 4 2 3 5 2 957
10 6 11 2 4 2 4 2 4 1377
10 6 11 2 4 2 4 3 3 1370
10 6 11 2 4 2 4 4 2 1240
10 6 11 2 4 2 5 2 3 1064
10 6 11 2 4 2 5 3 2 1089
10 6 11 2 4 2 6 2 2 754
10 6 12 1 2 2 3 2 2 6 792
10 6 12 1 2 2 3 2 3 5 979
10 6 12 1 2 2 3 2 4 4 1254
10 6 12 1 2 2 3 2 5 3 1097
10 6 12 1 2 2 3 2 6 2 766
10 6 12 1 2 2 3 3 2 5 1172
10 6 12 1 2 2 3 3 3 4 1342
10 6 12 1 2 2 3 3 4 3 1284
10 6 12 1 2 2 3 3 5 2 955
10 6 12 1 2 2 3 4 2 4 1294
10 6 12 1 2 2 3 4 3 3 1269
10 6 12 1 2 2 3 4 4 2 1239
10 6 12 1 2 2 3 5 2 3 936
10 6 12 1 2 2 3 5 3 2 916
10 6 12 1 2 2 3 6 2 2 600
10 6 12 1 2 3 2 2 2 6 795
10 6 12 1 2 3 2 2 3 5 982
10 6 12 1 2 3 2 2 4 4 1256
10 6 12 1 2 3 2 2 5 3 1100
10 6 12 1 2 3 2 2 6 2 769
10 6 12 1 2 3 2 3 2 5 1174
10 6 12 1 2 3 2 3 3 4 1344
10 6 12 1 2 3 2 3 4 3 1286
10 6 12 1 2 3 2 3 5 2 958
10 6 12 1 2 3 2 4 2 4 1385
10 6 12 1 2 3 2 4 3 3 1371
10 6 12 1 2 3 2 4 4 2 1241
10 6 12 1 2 3 2 5 2 3 1065
10 6 12 1 2 3 2 5 3 2 1090
10 6 12 1 2 3 2 6 2 2 755
10 6 12 1 2 5 4 2 2 2 1070
10 6 12 1 3 2 2 2 2 6 796
10 6 12 1 3 2 2 2 3 5 983
10 6 12 1 3 2 2 2 4 4 1257
10 6 12 1 3 2 2 2 5 3 1101
10 6 12 1 3 2 2 2 6 2 770
10 6 12 1 3 2 2 3 2 5 1175
10 6 12 1 3 2 2 3 3 4 1345
10 6 12 1 3 2 2 3 4 3 1287
10 6 12 1 3 2 2 3 5 2 959
10 6 12 1 3 2 2 4 2 4 1386
10 6 12 1 3 2 2 4 3 3 1372
10 6 12 1 3 2 2 4 4 2 1242
10 6 12 1 3 2 2 5 2 3 1066
10 6 12 1 3 2 2 5 3 2 1091
10 6 12 1 3 2 2 6 2 2 756
10 6 12 1 3 4 3 3 2 2 1265
10 6 12 1 3 4 4 2 2 2 1232
10 6 12 1 4 3 2 4 2 2 1473
10 6 12 1 4 3 3 2 3 2 1363
10 6 12 1 4 3 3 3 2 2 1359
10 6 12 1 4 3 4 2 2 2 1316
10 6 12 1 5 2 2 3 3 2 1115
10 6 12 1 5 2 2 4 2 2 1135
10 6 12 1 5 2 3 2 2 3 1058
10 6 12 1 5 2 3 2 3 2 1055
10 6 12 1 5 2 3 3 2 2 1048
10 6 12 1 5 2 4 2 2 2 1018
10 7 13 2 2 2 2 2 2 6 797
10 7 13 2 2 2 2 2 3 5 984
10 7 13 2 2 2 2 2 4 4 1258
10 7 13 2 2 2 2 2 5 3 1102
10 7 13 2 2 2 2 2 6 2 771
10 7 13 2 2 2 2 3 2 5 1176
10 7 13 2 2 2 2 3 3 4 1346
10 7 13 2 2 2 2 3 4 3 1288
10 7 13 2 2 2 2 3 5 2 960
10 7 13 2 2 2 2 4 2 4 1387
10 7 13 2 2 2 2 4 3 3 1373
10 7 13 2 2 2 2 4 4 2 1243
10 7 13 2 2 2 2 5 2 3 1067
10 7 13 2 2 2 2 5 3 2 1092
10 7 13 2 2 2 2 6 2 2 757
10 7 13 2 2 4 2 4 2 2 1382
10 7 13 2 2 4 3 2 3 2 1419
10 7 13 2 2 4 3 3 2 2 1367
10 7 13 2 2 4 4 2 2 2 1233
10 7 13 2 3 3 2 3 3 2 1530
10 7 13 2 3 3 2 4 2 2 1480
10 7 13 2 3 3 3 2 2 3 1520
10 7 13 2 3 3 3 2 3 2 1518
10 7 13 2 3 3 3 3 2 2 1513
10 7 13 2 3 3 4 2 2 2 1317
10 7 13 2 4 2 2 2 4 2 1444
10 7 13 2 4 2 2 3 2 3 1452
10 7 13 2 4 2 2 3 3 2 1448
10 7 13 2 4 2 2 4 2 2 1443
10 7 13 2 4 2 3 2 2 3 1404
10 7 13 2 4 2 3 2 3 2 1400
10 7 13 2 4 2 3 3 2 2 1391
10 7 13 2 4 2 4 2 2 2 1381
10 7 14 1 2 2 3 2 2 3 3 1558
10 7 14 1 2 2 3 2 2 4 2 1490
10 7 14 1 2 2 3 2 3 2 3 1573
10 7 14 1 2 2 3 2 3 3 2 1552
10 7 14 1 2 2 3 2 4 2 2 1481
10 7 14 1 2 2 3 3 2 2 3 1541
10 7 14 1 2 2 3 3 2 3 2 1535
10 7 14 1 2 2 3 3 3 2 2 1523
10 7 14 1 2 2 3 4 2 2 2 1318
10 7 14 1 2 3 2 2 2 2 4 1507
10 7 14 1 2 3 2 2 2 3 3 1559
10 7 14 1 2 3 2 2 2 4 2 1491
10 7 14 1 2 3 2 2 3 2 3 1563
10 7 14 1 2 3 2 2 3 3 2 1553
10 7 14 1 2 3 2 2 4 2 2 1482
10 7 14 1 2 3 2 3 2 2 3 1570
10 7 14 1 2 3 2 3 2 3 2 1572
10 7 14 1 2 3 2 3 3 2 2 1549
10 7 14 1 2 3 2 4 2 2 2 1477
10 7 14 1 3 2 2 2 2 2 4 1508
10 7 14 1 3 2 2 2 2 3 3 1560
10 7 14 1 3 2 2 2 2 4 2 1492
10 7 14 1 3 2 2 2 3 2 3 1578
10 7 14 1 3 2 2 2 3 3 2 1554
10 7 14 1 3 2 2 2 4 2 2 1483
10 7 14 1 3 2 2 3 2 2 3 1564
10 7 14 1 3 2 2 3 2 3 2 1562
10 7 14 1 3 2 2 3 3 2 2 1550
10 7 14 1 3 2 2 4 2 2 2 1478
10 8 15 2 2 2 2 2 2 2 4 1509
10 8 15 2 2 2 2 2 2 3 3 1561
10 8 15 2 2 2 2 2 2 4 2 1493
10 8 15 2 2 2 2 2 3 2 3 1579
10 8 15 2 2 2 2 2 3 3 2 1555
10 8 15 2 2 2 2 2 4 2 2 1484
10 8 15 2 2 2 2 3 2 2 3 1571
10 8 15 2 2 2 2 3 2 3 2 1577
10 8 15 2 2 2 2 3 3 2 2 1551
10 8 15 2 2 2 2 4 2 2 2 1479
10 9 17 2 2 2 2 2 2 2 2 2 1595
11 2 4 1 6 11 27
11 3 5 2 5 11 28
11 3 6 1 2 4 11 30
11 3 6 1 3 3 11 33
11 3 6 1 4 2 11 46
11 3 6 1 6 3 8 205
11 3 6 1 6 4 7 325
11 3 6 1 6 5 6 516
11 3 6 1 6 6 5 489
11 3 6 1 6 7 4 290
11 3 6 1 6 8 3 166
11 3 6 1 6 9 2 93
11 4 7 2 2 3 11 34
11 4 7 2 3 2 11 47
11 4 7 2 5 2 9 155
11 4 7 2 5 3 8 206
11 4 7 2 5 4 7 326
11 4 7 2 5 5 6 517
11 4 7 2 5 6 5 502
11 4 7 2 5 7 4 298
11 4 7 2 5 8 3 171
11 4 7 2 5 9 2 96
11 4 8 1 2 2 2 11 48
11 4 8 1 2 4 2 9 156
11 4 8 1 2 4 3 8 207
11 4 8 1 2 4 4 7 327
11 4 8 1 2 4 5 6 518
11 4 8 1 2 4 6 5 525
11 4 8 1 2 4 7 4 313
11 4 8 1 2 4 8 3 180
11 4 8 1 2 4 9 2 102
11 4 8 1 3 3 2 9 157
11 4 8 1 3 3 3 8 208
11 4 8 1 3 3 4 7 328
11 4 8 1 3 3 5 6 519
11 4 8 1 3 3 6 5 564
11 4 8 1 3 3 7 4 338
11 4 8 1 3 3 8 3 196
11 4 8 1 3 3 9 2 112
11 4 8 1 4 2 2 9 159
11 4 8 1 4 2 3 8 210
11 4 8 1 4 2 4 7 330
11 4 8 1 4 2 5 6 521
11 4 8 1 4 2 6 5 700
11 4 8 1 4 2 7 4 428
11 4 8 1 4 2 8 3 251
11 4 8 1 4 2 9 2 150
11 4 8 1 6 5 4 2 644
11 4 8 1 6 6 2 3 493
11 4 8 1 6 6 3 2 491
11 4 8 1 6 7 2 2 292
11 5 10 1 2 2 2 2 9 161
11 5 10 1 2 2 2 3 8 212
11 5 10 1 2 2 2 4 7 332
11 5 10 1 2 2 2 5 6 523
11 5 10 1 2 2 2 6 5 702
11 5 10 1 2 2 2 7 4 430
11 5 10 1 2 2 2 8 3 253
11 5 10 1 2 2 2 9 2 152
11 5 10 1 2 4 2 7 2 464
11 5 10 1 2 4 3 5 3 918
11 5 10 1 2 4 3 6 2 603
11 5 10 1 2 4 4 3 4 1201
11 5 10 1 2 4 4 4 3 1192
11 5 10 1 2 4 4 5 2 868
11 5 10 1 2 4 5 2 4 855
11 5 10 1 2 4 5 3 3 843
11 5 10 1 2 4 5 4 2 836
11 5 10 1 2 4 6 2 3 540
11 5 10 1 2 4 6 3 2 533
11 5 10 1 2 4 7 2 2 321
11 5 10 1 3 3 2 6 3 721
11 5 10 1 3 3 2 7 2 465
11 5 10 1 3 3 3 4 4 1245
11 5 10 1 3 3 3 5 3 919
11 5 10 1 3 3 3 6 2 604
11 5 10 1 3 3 4 2 5 1163
11 5 10 1 3 3 4 3 4 1261
11 5 10 1 3 3 4 4 3 1212
11 5 10 1 3 3 4 5 2 869
11 5 10 1 3 3 5 2 4 928
11 5 10 1 3 3 5 3 3 908
11 5 10 1 3 3 5 4 2 896
11 5 10 1 3 3 6 2 3 592
11 5 10 1 3 3 6 3 2 579
11 5 10 1 3 3 7 2 2 353
11 5 10 1 4 2 2 5 4 1078
11 5 10 1 4 2 2 6 3 723
11 5 10 1 4 2 2 7 2 467
11 5 10 1 4 2 3 3 5 971
11 5 10 1 4 2 3 4 4 1247
11 5 10 1 4 2 3 5 3 921
11 5 10 1 4 2 3 6 2 606
11 5 10 1 4 2 4 2 5 1165
11 5 10 1 4 2 4 3 4 1336
11 5 10 1 4 2 4 4 3 1214
11 5 10 1 4 2 4 5 2 871
11 5 10 1 4 2 5 2 4 1021
11 5 10 1 4 2 5 3 3 1040
11 5 10 1 4 2 5 4 2 1072
11 5 10 1 4 2 6 2 3 695
11 5 10 1 4 2 6 3 2 716
11 5 10 1 4 2 7 2 2 454
11 5 9 2 2 3 2 9 158
11 5 9 2 2 3 3 8 209
11 5 9 2 2 3 4 7 329
11 5 9 2 2 3 5 6 520
11 5 9 2 2 3 6 5 565
11 5 9 2 2 3 7 4 339
11 5 9 2 2 3 8 3 197
11 5 9 2 2 3 9 2 113
11 5 9 2 3 2 2 9 160
11 5 9 2 3 2 3 8 211
11 5 9 2 3 2 4 7 331
11 5 9 2 3 2 5 6 522
11 5 9 2 3 2 6 5 701
11 5 9 2 3 2 7 4 429
11 5 9 2 3 2 8 3 252
11 5 9 2 3 2 9 2 151
11 5 9 2 5 4 5 2 867
11 5 9 2 5 5 3 3 805
11 5 9 2 5 5 4 2 801
11 5 9 2 5 6 2 3 510
11 5 9 2 5 6 3 2 506
11 5 9 2 5 7 2 2 302
11 6 11 2 2 3 2 5 4 1077
11 6 11 2 2 3 2 6 3 722
11 6 11 2 2 3 2 7 2 466
11 6 11 2 2 3 3 3 5 970
11 6 11 2 2 3 3 4 4 1246
11 6 11 2 2 3 3 5 3 920
11 6 11 2 2 3 3 6 2 605
11 6 11 2 2 3 4 2 5 1164
11 6 11 2 2 3 4 3 4 1262
11 6 11 2 2 3 4 4 3 1213
11 6 11 2 2 3 4 5 2 870
11 6 11 2 2 3 5 2 4 929
11 6 11 2 2 3 5 3 3 909
11 6 11 2 2 3 5 4 2 897
11 6 11 2 2 3 6 2 3 593
11 6 11 2 2 3 6 3 2 580
11 6 11 2 2 3 7 2 2 354
11 6 11 2 3 2 2 4 5 889
11 6 11 2 3 2 2 5 4 1079
11 6 11 2 3 2 2 6 3 724
11 6 11 2 3 2 2 7 2 468
11 6 11 2 3 2 3 2 6 785
11 6 11 2 3 2 3 3 5 972
11 6 11 2 3 2 3 4 4 1248
11 6 11 2 3 2 3 5 3 922
11 6 11 2 3 2 3 6 2 607
11 6 11 2 3 2 4 2 5 1166
11 6 11 2 3 2 4 3 4 1337
11 6 11 2 3 2 4 4 3 1215
11 6 11 2 3 2 4 5 2 872
11 6 11 2 3 2 5 2 4 1022
11 6 11 2 3 2 5 3 3 1041
11 6 11 2 3 2 5 4 2 1073
11 6 11 2 3 2 6 2 3 696
11 6 11 2 3 2 6 3 2 717
11 6 11 2 3 2 7 2 2 455
11 6 12 1 2 2 2 2 2 7 488
11 6 12 1 2 2 2 2 3 6 627
11 6 12 1 2 2 2 2 4 5 890
11 6 12 1 2 2 2 2 5 4 1080
11 6 12 1 2 2 2 2 6 3 725
11 6 12 1 2 2 2 2 7 2 469
11 6 12 1 2 2 2 3 2 6 786
11 6 12 1 2 2 2 3 3 5 973
11 6 12 1 2 2 2 3 4 4 1249
11 6 12 1 2 2 2 3 5 3 923
11 6 12 1 2 2 2 3 6 2 608
11 6 12 1 2 2 2 4 2 5 1167
11 6 12 1 2 2 2 4 3 4 1338
11 6 12 1 2 2 2 4 4 3 1216
11 6 12 1 2 2 2 4 5 2 873
11 6 12 1 2 2 2 5 2 4 1023
11 6 12 1 2 2 2 5 3 3 1042
11 6 12 1 2 2 2 5 4 2 1074
11 6 12 1 2 2 2 6 2 3 697
11 6 12 1 2 2 2 6 3 2 718
11 6 12 1 2 2 2 7 2 2 456
11 6 12 1 3 3 5 2 2 2 943
11 6 12 1 4 2 4 3 2 2 1374
11 6 12 1 4 2 5 2 2 2 1138
11 7 13 2 2 3 4 3 2 2 1276
11 7 13 2 2 3 5 2 2 2 944
11 7 13 2 3 2 3 4 2 2 1323
11 7 13 2 3 2 4 2 3 2 1409
11 7 13 2 3 2 4 3 2 2 1426
11 7 13 2 3 2 5 2 2 2 1139
11 7 14 1 2 2 2 2 4 3 2 1432
11 7 14 1 2 2 2 2 5 2 2 1148
11 7 14 1 2 2 2 3 2 4 2 1488
11 7 14 1 2 2 2 3 3 2 3 1537
11 7 14 1 2 2 2 3 3 3 2 1525
11 7 14 1 2 2 2 3 4 2 2 1324
11 7 14 1 2 2 2 4 2 2 3 1462
11 7 14 1 2 2 2 4 2 3 2 1410
11 7 14 1 2 2 2 4 3 2 2 1427
11 7 14 1 2 2 2 5 2 2 2 1140
12 2 4 1 5 12 14
12 3 5 2 4 12 15
12 3 6 1 2 3 12 17
12 3 6 1 3 2 12 24
12 3 6 1 5 10 2 52
12 3 6 1 5 5 7 305
12 3 6 1 5 6 6 497
12 3 6 1 5 7 5 297
12 3 6 1 5 8 4 170
12 3 6 1 5 9 3 95
12 4 7 2 2 2 12 25
12 4 7 2 4 10 2 55
12 4 7 2 4 4 8 186
12 4 7 2 4 5 7 306
12 4 7 2 4 6 6 498
12 4 7 2 4 7 5 311
12 4 7 2 4 8 4 178
12 4 7 2 4 9 3 100
12 4 8 1 2 3 10 2 61
12 4 8 1 2 3 2 10 87
12 4 8 1 2 3 3 9 116
12 4 8 1 2 3 4 8 187
12 4 8 1 2 3 5 7 307
12 4 8 1 2 3 6 6 499
12 4 8 1 2 3 7 5 335
12 4 8 1 2 3 8 4 193
12 4 8 1 2 3 9 3 109
12 4 8 1 3 2 10 2 82
12 4 8 1 3 2 2 10 88
12 4 8 1 3 2 3 9 117
12 4 8 1 3 2 4 8 188
12 4 8 1 3 2 5 7 308
12 4 8 1 3 2 6 6 500
12 4 8 1 3 2 7 5 424
12 4 8 1 3 2 8 4 247
12 4 8 1 3 2 9 3 141
12 4 8 1 5 7 3 2 299
12 4 8 1 5 8 2 2 172
12 5 10 1 2 3 4 6 2 547
12 5 10 1 2 3 5 4 3 893
12 5 10 1 2 3 5 5 2 820
12 5 10 1 2 3 6 2 4 589
12 5 10 1 2 3 6 3 3 576
12 5 10 1 2 3 6 4 2 569
12 5 10 1 2 3 7 2 3 350
12 5 10 1 2 3 7 3 2 343
12 5 10 1 2 3 8 2 2 201
12 5 10 1 3 2 3 7 2 358
12 5 10 1 3 2 4 5 3 851
12 5 10 1 3 2 4 6 2 548
12 5 10 1 3 2 5 3 4 996
12 5 10 1 3 2 5 4 3 1038
12 5 10 1 3 2 5 5 2 821
12 5 10 1 3 2 6 2 4 664
12 5 10 1 3 2 6 3 3 679
12 5 10 1 3 2 6 4 2 705
12 5 10 1 3 2 7 2 3 419
12 5 10 1 3 2 7 3 2 433
12 5 10 1 3 2 8 2 2 261
12 5 9 2 2 2 10 2 83
12 5 9 2 2 2 2 10 89
12 5 9 2 2 2 3 9 118
12 5 9 2 2 2 4 8 189
12 5 9 2 2 2 5 7 309
12 5 9 2 2 2 6 6 501
12 5 9 2 2 2 7 5 425
12 5 9 2 2 2 8 4 248
12 5 9 2 2 2 9 3 142
12 5 9 2 4 6 4 2 527
12 5 9 2 4 7 2 3 319
12 5 9 2 4 7 3 2 315
12 5 9 2 4 8 2 2 182
12 6 11 2 2 2 2 8 2 271
12 6 11 2 2 2 3 6 3 585
12 6 11 2 2 2 3 7 2 359
12 6 11 2 2 2 4 4 4 1199
12 6 11 2 2 2 4 5 3 852
12 6 11 2 2 2 4 6 2 549
12 6 11 2 2 2 5 2 5 1005
12 6 11 2 2 2 5 3 4 997
12 6 11 2 2 2 5 4 3 1039
12 6 11 2 2 2 5 5 2 822
12 6 11 2 2 2 6 2 4 665
12 6 11 2 2 2 6 3 3 680
12 6 11 2 2 2 6 4 2 706
12 6 11 2 2 2 7 2 3 420
12 6 11 2 2 2 7 3 2 434
12 6 11 2 2 2 8 2 2 262
12 7 13 2 2 2 6 2 2 2 748
13 2 4 1 4 13 7
13 3 5 2 3 13 8
13 3 6 1 2 2 13 12
13 3 6 1 4 10 3 54
13 3 6 1 4 11 2 29
13 3 6 1 4 7 6 310
13 3 6 1 4 8 5 177
13 3 6 1 4 9 4 99
13 4 7 2 3 10 3 59
13 4 7 2 3 11 2 32
13 4 7 2 3 6 7 295
13 4 7 2 3 7 6 333
13 4 7 2 3 8 5 191
13 4 7 2 3 9 4 107
13 4 8 1 2 2 10 3 77
13 4 8 1 2 2 11 2 44
13 4 8 1 2 2 4 9 105
13 4 8 1 2 2 5 8 176
13 4 8 1 2 2 6 7 296
13 4 8 1 2 2 7 6 422
13 4 8 1 2 2 8 5 245
13 4 8 1 2 2 9 4 139
13 4 8 1 4 9 2 2 101
13 5 10 1 2 2 6 5 2 699
13 5 10 1 2 2 7 3 3 409
13 5 10 1 2 2 7 4 2 427
13 5 10 1 2 2 8 2 3 241
13 5 10 1 2 2 8 3 2 250
13 5 10 1 2 2 9 2 2 146
13 5 9 2 3 8 3 2 195
13 5 9 2 3 9 2 2 111
14 2 4 1 3 14 3
14 3 5 2 2 14 5
14 3 6 1 3 10 4 58
14 3 6 1 3 11 3 31
14 3 6 1 3 12 2 16
14 3 6 1 3 9 5 106
14 4 7 2 2 10 4 75
14 4 7 2 2 11 3 41
14 4 7 2 2 12 2 22
14 4 7 2 2 8 6 243
14 4 7 2 2 9 5 137
14 5 9 2 2 10 2 2 79
15 2 4 1 2 15 1
15 3 6 1 2 11 4 40
15 3 6 1 2 12 3 20
15 3 6 1 2 13 2 10
16 2 3 2 16 0
16 3 5 2 14 2 4
17 1 2 1 17 1596
