16 610
2 2 4 1 13 2 2
3 2 4 1 12 3 6
3 3 5 2 11 3 9
4 2 4 1 11 4 13
4 3 5 2 10 4 18
4 3 6 1 11 2 2 11
4 4 7 2 10 2 2 21
4 4 8 1 2 9 2 2 42
4 4 8 1 3 8 2 2 60
5 2 4 1 10 5 26
5 3 5 2 9 5 35
5 3 6 1 10 2 3 19
5 3 6 1 10 3 2 23
5 3 6 1 2 8 5 74
5 4 7 2 9 2 3 39
5 4 7 2 9 3 2 38
5 4 8 1 2 8 2 3 73
5 4 8 1 2 8 3 2 76
5 4 8 1 3 7 2 3 109
5 4 8 1 3 7 3 2 107
5 4 8 1 4 6 2 3 175
5 4 8 1 4 6 3 2 173
5 4 8 1 5 5 2 3 274
5 5 9 2 2 7 2 3 133
5 5 9 2 2 7 3 2 138
5 5 9 2 3 6 2 3 192
6 2 4 1 9 6 49
6 3 5 2 8 6 65
6 3 6 1 2 7 6 134
6 3 6 1 3 6 6 162
6 3 6 1 9 2 4 36
6 3 6 1 9 3 3 37
6 3 6 1 9 4 2 45
6 4 7 2 8 2 4 69
6 4 7 2 8 3 3 71
6 4 7 2 8 4 2 68
6 4 8 1 2 7 2 4 126
6 4 8 1 2 7 3 3 129
6 4 8 1 2 7 4 2 136
6 4 8 1 3 6 2 4 191
6 4 8 1 3 6 3 3 187
6 4 8 1 3 6 4 2 185
6 4 8 1 4 5 2 4 288
6 4 8 1 4 5 3 3 284
6 4 8 1 4 5 4 2 282
6 4 8 1 5 4 2 4 399
6 4 8 1 5 4 3 3 352
6 4 8 1 5 4 4 2 337
6 4 8 1 6 3 2 4 252
6 4 8 1 6 3 3 3 221
6 4 8 1 7 2 2 4 147
6 4 8 1 9 2 2 2 43
6 5 10 1 2 2 5 2 4 351
6 5 10 1 2 7 2 2 2 142
6 5 10 1 3 6 2 2 2 193
6 5 10 1 4 5 2 2 2 290
6 5 10 1 5 4 2 2 2 393
6 5 10 1 6 3 2 2 2 246
6 5 10 1 7 2 2 2 2 143
6 5 9 2 2 6 2 4 219
6 5 9 2 2 6 3 3 224
6 5 9 2 2 6 4 2 233
6 5 9 2 3 5 2 4 314
6 5 9 2 3 5 3 3 307
6 5 9 2 3 5 4 2 303
6 5 9 2 4 4 2 4 430
6 5 9 2 4 4 3 3 425
6 5 9 2 5 3 2 4 362
6 5 9 2 8 2 2 2 78
6 6 11 2 2 6 2 2 2 245
6 6 11 2 3 5 2 2 2 318
6 6 11 2 4 4 2 2 2 434
6 6 11 2 5 3 2 2 2 364
6 6 11 2 6 2 2 2 2 244
6 6 12 1 2 2 5 2 2 2 392
6 6 12 1 2 3 4 2 2 2 467
6 6 12 1 2 4 3 2 2 2 516
6 6 12 1 3 2 4 2 2 2 540
7 2 4 1 8 7 90
7 3 5 2 7 7 91
7 3 6 1 2 6 7 93
7 3 6 1 3 5 7 96
7 3 6 1 4 4 7 102
7 3 6 1 8 2 5 66
7 3 6 1 8 3 4 67
7 3 6 1 8 4 3 70
7 3 6 1 8 5 2 84
7 4 7 2 2 5 7 97
7 4 7 2 7 2 5 121
7 4 7 2 7 3 4 123
7 4 7 2 7 4 3 124
7 4 7 2 7 5 2 120
7 4 8 1 2 6 2 5 211
7 4 8 1 2 6 3 4 215
7 4 8 1 2 6 4 3 223
7 4 8 1 2 6 5 2 231
7 4 8 1 3 5 2 5 313
7 4 8 1 3 5 3 4 306
7 4 8 1 3 5 4 3 302
7 4 8 1 3 5 5 2 276
7 4 8 1 4 4 2 5 407
7 4 8 1 4 4 3 4 424
7 4 8 1 4 4 4 3 420
7 4 8 1 4 4 5 2 292
7 4 8 1 5 3 2 5 400
7 4 8 1 5 3 3 4 353
7 4 8 1 5 3 4 3 339
7 4 8 1 5 3 5 2 321
7 4 8 1 6 2 2 5 253
7 4 8 1 6 2 3 4 225
7 4 8 1 6 2 4 3 216
7 4 8 1 6 2 5 2 210
7 4 8 1 8 2 2 3 81
7 4 8 1 8 2 3 2 72
7 4 8 1 8 3 2 2 80
7 5 10 1 2 2 4 2 5 409
7 5 10 1 2 2 4 3 4 477
7 5 10 1 2 2 4 4 3 429
7 5 10 1 2 3 3 2 5 411
7 5 10 1 2 3 3 3 4 479
7 5 10 1 2 4 2 2 5 414
7 5 10 1 2 6 2 2 3 243
7 5 10 1 2 6 2 3 2 229
7 5 10 1 2 6 3 2 2 236
7 5 10 1 3 2 3 2 5 412
7 5 10 1 3 5 2 2 3 317
7 5 10 1 3 5 2 3 2 315
7 5 10 1 3 5 3 2 2 308
7 5 10 1 4 4 2 2 3 433
7 5 10 1 4 4 2 3 2 431
7 5 10 1 4 4 3 2 2 426
7 5 10 1 5 3 2 2 3 384
7 5 10 1 5 3 2 3 2 394
7 5 10 1 5 3 3 2 2 355
7 5 10 1 6 2 2 2 3 242
7 5 10 1 6 2 2 3 2 247
7 5 10 1 6 2 3 2 2 228
7 5 9 2 2 5 2 5 344
7 5 9 2 2 5 3 4 341
7 5 9 2 2 5 4 3 357
7 5 9 2 2 5 5 2 277
7 5 9 2 3 4 2 5 408
7 5 9 2 3 4 3 4 447
7 5 9 2 3 4 4 3 428
7 5 9 2 3 4 5 2 293
7 5 9 2 4 3 2 5 410
7 5 9 2 4 3 3 4 478
7 5 9 2 4 3 4 3 454
7 5 9 2 4 3 5 2 322
7 5 9 2 5 2 2 5 382
7 5 9 2 5 2 3 4 359
7 5 9 2 5 2 4 3 347
7 5 9 2 7 2 2 3 141
7 5 9 2 7 2 3 2 132
7 5 9 2 7 3 2 2 131
7 6 11 2 2 5 2 2 3 389
7 6 11 2 2 5 2 3 2 366
7 6 11 2 2 5 3 2 2 375
7 6 11 2 3 4 2 2 3 465
7 6 11 2 3 4 2 3 2 461
7 6 11 2 3 4 3 2 2 451
7 6 11 2 4 3 2 2 3 508
7 6 11 2 4 3 2 3 2 506
7 6 11 2 4 3 3 2 2 491
7 6 11 2 5 2 2 2 3 387
7 6 11 2 5 2 2 3 2 386
7 6 11 2 5 2 3 2 2 365
7 6 12 1 2 2 4 2 2 3 534
7 6 12 1 2 2 4 2 3 2 511
7 6 12 1 2 2 4 3 2 2 517
7 6 12 1 2 3 3 2 2 3 574
7 6 12 1 2 3 3 2 3 2 571
7 6 12 1 2 3 3 3 2 2 565
7 6 12 1 2 4 2 2 2 3 531
7 6 12 1 2 4 2 2 3 2 533
7 6 12 1 2 4 2 3 2 2 510
7 6 12 1 3 2 3 2 2 3 591
7 6 12 1 3 2 3 2 3 2 595
7 6 12 1 3 2 3 3 2 2 578
7 6 12 1 3 3 2 2 2 3 575
7 6 12 1 3 3 2 2 3 2 573
7 6 12 1 3 3 2 3 2 2 570
7 6 12 1 4 2 2 2 2 3 539
7 6 12 1 4 2 2 2 3 2 530
7 7 13 2 2 2 3 2 2 3 592
7 7 13 2 2 2 3 2 3 2 596
7 7 13 2 2 2 3 3 2 2 579
7 7 13 2 2 3 2 2 2 3 600
7 7 13 2 2 3 2 2 3 2 590
7 7 13 2 3 2 2 2 2 3 599
8 2 4 1 7 8 50
8 3 5 2 6 8 51
8 3 6 1 2 5 8 53
8 3 6 1 3 4 8 56
8 3 6 1 4 3 8 62
8 3 6 1 5 2 8 85
8 3 6 1 7 2 6 118
8 3 6 1 7 3 5 119
8 3 6 1 7 4 4 122
8 3 6 1 7 5 3 127
8 3 6 1 7 6 2 151
8 4 7 2 2 4 8 57
8 4 7 2 3 3 8 63
8 4 7 2 6 2 6 208
8 4 7 2 6 3 5 207
8 4 7 2 6 4 4 213
8 4 7 2 6 5 3 209
8 4 7 2 6 6 2 161
8 4 8 1 2 5 2 6 259
8 4 8 1 2 5 3 5 326
8 4 8 1 2 5 4 4 338
8 4 8 1 2 5 5 3 273
8 4 8 1 2 5 6 2 167
8 4 8 1 3 4 2 6 260
8 4 8 1 3 4 3 5 327
8 4 8 1 3 4 4 4 422
8 4 8 1 3 4 5 3 286
8 4 8 1 3 4 6 2 177
8 4 8 1 4 3 2 6 262
8 4 8 1 4 3 3 5 329
8 4 8 1 4 3 4 4 440
8 4 8 1 4 3 5 3 310
8 4 8 1 4 3 6 2 195
8 4 8 1 5 2 2 6 265
8 4 8 1 5 2 3 5 332
8 4 8 1 5 2 4 4 345
8 4 8 1 5 2 5 3 342
8 4 8 1 5 2 6 2 254
8 4 8 1 7 2 3 3 130
8 4 8 1 7 2 4 2 125
8 4 8 1 7 3 2 3 146
8 4 8 1 7 3 3 2 128
8 4 8 1 7 4 2 2 145
8 5 10 1 2 2 3 2 6 264
8 5 10 1 2 2 3 3 5 331
8 5 10 1 2 2 3 4 4 442
8 5 10 1 2 2 3 5 3 312
8 5 10 1 2 2 3 6 2 197
8 5 10 1 2 3 2 2 6 267
8 5 10 1 2 3 2 3 5 334
8 5 10 1 2 3 2 4 4 444
8 5 10 1 2 3 2 5 3 379
8 5 10 1 2 5 2 2 4 388
8 5 10 1 2 5 2 3 3 361
8 5 10 1 2 5 2 4 2 350
8 5 10 1 2 5 3 2 3 374
8 5 10 1 2 5 3 3 2 356
8 5 10 1 2 5 4 2 2 369
8 5 10 1 3 2 2 2 6 268
8 5 10 1 3 2 2 3 5 335
8 5 10 1 3 2 2 4 4 445
8 5 10 1 3 4 2 2 4 464
8 5 10 1 3 4 2 3 3 460
8 5 10 1 3 4 2 4 2 458
8 5 10 1 3 4 3 2 3 450
8 5 10 1 3 4 3 3 2 448
8 5 10 1 3 4 4 2 2 435
8 5 10 1 4 3 2 2 4 525
8 5 10 1 4 3 2 3 3 528
8 5 10 1 4 3 2 4 2 542
8 5 10 1 4 3 3 2 3 490
8 5 10 1 4 3 3 3 2 488
8 5 10 1 4 3 4 2 2 468
8 5 10 1 5 2 2 2 4 383
8 5 10 1 5 2 2 3 3 385
8 5 10 1 5 2 2 4 2 395
8 5 10 1 5 2 3 2 3 363
8 5 10 1 5 2 3 3 2 360
8 5 10 1 5 2 4 2 2 349
8 5 9 2 2 4 2 6 261
8 5 9 2 2 4 3 5 328
8 5 9 2 2 4 4 4 423
8 5 9 2 2 4 5 3 287
8 5 9 2 2 4 6 2 178
8 5 9 2 3 3 2 6 263
8 5 9 2 3 3 3 5 330
8 5 9 2 3 3 4 4 441
8 5 9 2 3 3 5 3 311
8 5 9 2 3 3 6 2 196
8 5 9 2 4 2 2 6 266
8 5 9 2 4 2 3 5 333
8 5 9 2 4 2 4 4 443
8 5 9 2 4 2 5 3 378
8 5 9 2 4 2 6 2 255
8 5 9 2 6 2 2 4 241
8 5 9 2 6 2 3 3 226
8 5 9 2 6 2 4 2 218
8 5 9 2 6 3 2 3 227
8 5 9 2 6 3 3 2 222
8 5 9 2 6 4 2 2 217
8 6 11 2 2 2 2 2 6 269
8 6 11 2 2 2 2 3 5 336
8 6 11 2 2 4 2 2 4 532
8 6 11 2 2 4 2 3 3 504
8 6 11 2 2 4 2 4 2 499
8 6 11 2 2 4 3 2 3 515
8 6 11 2 2 4 3 3 2 492
8 6 11 2 2 4 4 2 2 436
8 6 11 2 3 3 2 2 4 555
8 6 11 2 3 3 2 3 3 569
8 6 11 2 3 3 2 4 2 546
8 6 11 2 3 3 3 2 3 563
8 6 11 2 3 3 3 3 2 561
8 6 11 2 3 3 4 2 2 469
8 6 11 2 4 2 2 2 4 527
8 6 11 2 4 2 2 3 3 529
8 6 11 2 4 2 2 4 2 526
8 6 11 2 4 2 3 2 3 507
8 6 11 2 4 2 3 3 2 503
8 6 11 2 4 2 4 2 2 498
8 6 12 1 2 2 3 2 2 4 556
8 6 12 1 2 2 3 2 3 3 583
8 6 12 1 2 2 3 2 4 2 547
8 6 12 1 2 2 3 3 2 3 572
8 6 12 1 2 2 3 3 3 2 566
8 6 12 1 2 2 3 4 2 2 470
8 6 12 1 2 3 2 2 2 4 557
8 6 12 1 2 3 2 2 3 3 584
8 6 12 1 2 3 2 2 4 2 548
8 6 12 1 2 3 2 3 2 3 593
8 6 12 1 2 3 2 3 3 2 580
8 6 12 1 2 3 2 4 2 2 543
8 6 12 1 2 5 2 2 2 2 390
8 6 12 1 3 2 2 2 2 4 558
8 6 12 1 3 2 2 2 3 3 585
8 6 12 1 3 2 2 2 4 2 549
8 6 12 1 3 2 2 3 2 3 587
8 6 12 1 3 2 2 3 3 2 581
8 6 12 1 3 2 2 4 2 2 544
8 6 12 1 3 4 2 2 2 2 466
8 6 12 1 4 3 2 2 2 2 537
8 6 12 1 5 2 2 2 2 2 391
8 7 13 2 2 2 2 2 2 4 559
8 7 13 2 2 2 2 2 3 3 586
8 7 13 2 2 2 2 2 4 2 550
8 7 13 2 2 2 2 3 2 3 597
8 7 13 2 2 2 2 3 3 2 582
8 7 13 2 2 2 2 4 2 2 545
8 7 13 2 2 4 2 2 2 2 536
8 7 13 2 3 3 2 2 2 2 576
8 7 13 2 4 2 2 2 2 2 535
8 7 14 1 2 2 3 2 2 2 2 603
8 7 14 1 2 3 2 2 2 2 2 601
8 7 14 1 3 2 2 2 2 2 2 602
8 8 15 2 2 2 2 2 2 2 2 608
9 2 4 1 6 9 27
9 3 5 2 5 9 28
9 3 6 1 2 4 9 30
9 3 6 1 3 3 9 33
9 3 6 1 4 2 9 46
9 3 6 1 6 2 7 152
9 3 6 1 6 3 6 198
9 3 6 1 6 4 5 206
9 3 6 1 6 5 4 212
9 3 6 1 6 6 3 160
9 3 6 1 6 7 2 92
9 4 7 2 2 3 9 34
9 4 7 2 3 2 9 47
9 4 7 2 5 2 7 153
9 4 7 2 5 3 6 199
9 4 7 2 5 4 5 295
9 4 7 2 5 5 4 271
9 4 7 2 5 6 3 165
9 4 7 2 5 7 2 95
9 4 8 1 2 4 2 7 154
9 4 8 1 2 4 3 6 200
9 4 8 1 2 4 4 5 296
9 4 8 1 2 4 5 4 283
9 4 8 1 2 4 6 3 174
9 4 8 1 2 4 7 2 101
9 4 8 1 3 3 2 7 155
9 4 8 1 3 3 3 6 201
9 4 8 1 3 3 4 5 297
9 4 8 1 3 3 5 4 304
9 4 8 1 3 3 6 3 189
9 4 8 1 3 3 7 2 111
9 4 8 1 4 2 2 7 157
9 4 8 1 4 2 3 6 203
9 4 8 1 4 2 4 5 299
9 4 8 1 4 2 5 4 371
9 4 8 1 4 2 6 3 238
9 4 8 1 4 2 7 2 148
9 4 8 1 6 3 4 2 214
9 4 8 1 6 4 2 3 251
9 4 8 1 6 4 3 2 220
9 4 8 1 6 5 2 2 250
9 5 10 1 2 2 2 2 7 159
9 5 10 1 2 2 2 3 6 205
9 5 10 1 2 2 2 4 5 301
9 5 10 1 2 2 2 5 4 373
9 5 10 1 2 2 2 6 3 240
9 5 10 1 2 2 2 7 2 150
9 5 10 1 2 4 2 3 4 482
9 5 10 1 2 4 2 4 3 496
9 5 10 1 2 4 2 5 2 401
9 5 10 1 2 4 3 2 4 514
9 5 10 1 2 4 3 3 3 489
9 5 10 1 2 4 3 4 2 471
9 5 10 1 2 4 4 2 3 432
9 5 10 1 2 4 4 3 2 427
9 5 10 1 2 4 5 2 2 291
9 5 10 1 3 3 2 2 5 415
9 5 10 1 3 3 2 3 4 483
9 5 10 1 3 3 2 4 3 520
9 5 10 1 3 3 2 5 2 402
9 5 10 1 3 3 3 2 4 551
9 5 10 1 3 3 3 3 3 560
9 5 10 1 3 3 3 4 2 472
9 5 10 1 3 3 4 2 3 462
9 5 10 1 3 3 4 3 2 452
9 5 10 1 3 3 5 2 2 319
9 5 10 1 4 2 2 2 5 417
9 5 10 1 4 2 2 3 4 485
9 5 10 1 4 2 2 4 3 522
9 5 10 1 4 2 2 5 2 404
9 5 10 1 4 2 3 2 4 505
9 5 10 1 4 2 3 3 3 502
9 5 10 1 4 2 3 4 2 474
9 5 10 1 4 2 4 2 3 497
9 5 10 1 4 2 4 3 2 495
9 5 10 1 4 2 5 2 2 396
9 5 9 2 2 3 2 7 156
9 5 9 2 2 3 3 6 202
9 5 9 2 2 3 4 5 298
9 5 9 2 2 3 5 4 305
9 5 9 2 2 3 6 3 190
9 5 9 2 2 3 7 2 112
9 5 9 2 3 2 2 7 158
9 5 9 2 3 2 3 6 204
9 5 9 2 3 2 4 5 300
9 5 9 2 3 2 5 4 372
9 5 9 2 3 2 6 3 239
9 5 9 2 3 2 7 2 149
9 5 9 2 5 2 5 2 343
9 5 9 2 5 3 3 3 354
9 5 9 2 5 3 4 2 340
9 5 9 2 5 4 2 3 348
9 5 9 2 5 4 3 2 346
9 5 9 2 5 5 2 2 275
9 6 11 2 2 3 2 2 5 416
9 6 11 2 2 3 2 3 4 484
9 6 11 2 2 3 2 4 3 521
9 6 11 2 2 3 2 5 2 403
9 6 11 2 2 3 3 2 4 552
9 6 11 2 2 3 3 3 3 562
9 6 11 2 2 3 3 4 2 473
9 6 11 2 2 3 4 2 3 463
9 6 11 2 2 3 4 3 2 453
9 6 11 2 2 3 5 2 2 320
9 6 11 2 3 2 2 2 5 418
9 6 11 2 3 2 2 3 4 486
9 6 11 2 3 2 2 4 3 523
9 6 11 2 3 2 2 5 2 405
9 6 11 2 3 2 3 2 4 553
9 6 11 2 3 2 3 3 3 567
9 6 11 2 3 2 3 4 2 475
9 6 11 2 3 2 4 2 3 512
9 6 11 2 3 2 4 3 2 518
9 6 11 2 3 2 5 2 2 397
9 6 12 1 2 2 2 2 2 5 419
9 6 12 1 2 2 2 2 3 4 487
9 6 12 1 2 2 2 2 4 3 524
9 6 12 1 2 2 2 2 5 2 406
9 6 12 1 2 2 2 3 2 4 554
9 6 12 1 2 2 2 3 3 3 568
9 6 12 1 2 2 2 3 4 2 476
9 6 12 1 2 2 2 4 2 3 513
9 6 12 1 2 2 2 4 3 2 519
9 6 12 1 2 2 2 5 2 2 398
9 6 12 1 3 3 3 2 2 2 564
9 6 12 1 4 2 2 3 2 2 538
9 6 12 1 4 2 3 2 2 2 509
9 7 13 2 2 3 2 3 2 2 594
9 7 13 2 2 3 3 2 2 2 577
9 7 13 2 3 2 2 2 3 2 598
9 7 13 2 3 2 2 3 2 2 589
9 7 13 2 3 2 3 2 2 2 588
9 7 14 1 2 2 2 2 2 2 3 607
9 7 14 1 2 2 2 2 2 3 2 606
9 7 14 1 2 2 2 2 3 2 2 605
9 7 14 1 2 2 2 3 2 2 2 604
10 2 4 1 5 10 14
10 3 5 2 4 10 15
10 3 6 1 2 3 10 17
10 3 6 1 3 2 10 24
10 3 6 1 5 3 7 113
10 3 6 1 5 4 6 179
10 3 6 1 5 5 5 270
10 3 6 1 5 6 4 164
10 3 6 1 5 7 3 94
10 3 6 1 5 8 2 52
10 4 7 2 2 2 10 25
10 4 7 2 4 2 8 86
10 4 7 2 4 3 7 114
10 4 7 2 4 4 6 180
10 4 7 2 4 5 5 278
10 4 7 2 4 6 4 172
10 4 7 2 4 7 3 99
10 4 7 2 4 8 2 55
10 4 8 1 2 3 2 8 87
10 4 8 1 2 3 3 7 115
10 4 8 1 2 3 4 6 181
10 4 8 1 2 3 5 5 279
10 4 8 1 2 3 6 4 186
10 4 8 1 2 3 7 3 108
10 4 8 1 2 3 8 2 61
10 4 8 1 3 2 2 8 88
10 4 8 1 3 2 3 7 116
10 4 8 1 3 2 4 6 182
10 4 8 1 3 2 5 5 280
10 4 8 1 3 2 6 4 234
10 4 8 1 3 2 7 3 139
10 4 8 1 3 2 8 2 82
10 4 8 1 5 5 3 2 272
10 4 8 1 5 6 2 2 166
10 5 10 1 2 3 2 6 2 256
10 5 10 1 2 3 3 4 3 455
10 5 10 1 2 3 3 5 2 323
10 5 10 1 2 3 4 2 4 459
10 5 10 1 2 3 4 3 3 449
10 5 10 1 2 3 4 4 2 437
10 5 10 1 2 3 5 2 3 316
10 5 10 1 2 3 5 3 2 309
10 5 10 1 2 3 6 2 2 194
10 5 10 1 3 2 2 5 3 380
10 5 10 1 3 2 2 6 2 257
10 5 10 1 3 2 3 3 4 480
10 5 10 1 3 2 3 4 3 456
10 5 10 1 3 2 3 5 2 324
10 5 10 1 3 2 4 2 4 500
10 5 10 1 3 2 4 3 3 493
10 5 10 1 3 2 4 4 2 438
10 5 10 1 3 2 5 2 3 367
10 5 10 1 3 2 5 3 2 376
10 5 10 1 3 2 6 2 2 248
10 5 9 2 2 2 2 8 89
10 5 9 2 2 2 3 7 117
10 5 9 2 2 2 4 6 183
10 5 9 2 2 2 5 5 281
10 5 9 2 2 2 6 4 235
10 5 9 2 2 2 7 3 140
10 5 9 2 2 2 8 2 83
10 5 9 2 4 4 4 2 421
10 5 9 2 4 5 2 3 289
10 5 9 2 4 5 3 2 285
10 5 9 2 4 6 2 2 176
10 6 11 2 2 2 2 4 4 446
10 6 11 2 2 2 2 5 3 381
10 6 11 2 2 2 2 6 2 258
10 6 11 2 2 2 3 2 5 413
10 6 11 2 2 2 3 3 4 481
10 6 11 2 2 2 3 4 3 457
10 6 11 2 2 2 3 5 2 325
10 6 11 2 2 2 4 2 4 501
10 6 11 2 2 2 4 3 3 494
10 6 11 2 2 2 4 4 2 439
10 6 11 2 2 2 5 2 3 368
10 6 11 2 2 2 5 3 2 377
10 6 11 2 2 2 6 2 2 249
10 7 13 2 2 2 4 2 2 2 541
11 2 4 1 4 11 7
11 3 5 2 3 11 8
11 3 6 1 2 2 11 12
11 3 6 1 4 5 6 168
11 3 6 1 4 6 5 171
11 3 6 1 4 7 4 98
11 3 6 1 4 8 3 54
11 3 6 1 4 9 2 29
11 4 7 2 3 4 7 103
11 4 7 2 3 5 6 169
11 4 7 2 3 6 5 184
11 4 7 2 3 7 4 106
11 4 7 2 3 8 3 59
11 4 7 2 3 9 2 32
11 4 8 1 2 2 2 9 48
11 4 8 1 2 2 3 8 64
11 4 8 1 2 2 4 7 104
11 4 8 1 2 2 5 6 170
11 4 8 1 2 2 6 5 232
11 4 8 1 2 2 7 4 137
11 4 8 1 2 2 8 3 77
11 4 8 1 2 2 9 2 44
11 4 8 1 4 7 2 2 100
11 5 10 1 2 2 4 5 2 294
11 5 10 1 2 2 5 3 3 358
11 5 10 1 2 2 5 4 2 370
11 5 10 1 2 2 6 2 3 230
11 5 10 1 2 2 6 3 2 237
11 5 10 1 2 2 7 2 2 144
11 5 9 2 3 6 3 2 188
11 5 9 2 3 7 2 2 110
12 2 4 1 3 12 3
12 3 5 2 2 12 5
12 3 6 1 3 10 2 16
12 3 6 1 3 7 5 105
12 3 6 1 3 8 4 58
12 3 6 1 3 9 3 31
12 4 7 2 2 10 2 22
12 4 7 2 2 6 6 163
12 4 7 2 2 7 5 135
12 4 7 2 2 8 4 75
12 4 7 2 2 9 3 41
12 5 9 2 2 8 2 2 79
13 2 4 1 2 13 1
13 3 6 1 2 10 3 20
13 3 6 1 2 11 2 10
13 3 6 1 2 9 4 40
14 2 3 2 14 0
14 3 5 2 12 2 4
15 1 2 1 15 609
