14 233
2 2 4 1 11 2 2
3 2 4 1 10 3 6
3 3 5 2 9 3 9
4 2 4 1 9 4 13
4 3 5 2 8 4 18
4 3 6 1 9 2 2 11
4 4 7 2 8 2 2 21
4 4 8 1 2 7 2 2 42
4 4 8 1 3 6 2 2 59
5 2 4 1 8 5 26
5 3 5 2 7 5 35
5 3 6 1 2 6 5 72
5 3 6 1 8 2 3 19
5 3 6 1 8 3 2 23
5 4 7 2 7 2 3 39
5 4 7 2 7 3 2 38
5 4 8 1 2 6 2 3 71
5 4 8 1 2 6 3 2 74
5 4 8 1 3 5 2 3 102
5 4 8 1 3 5 3 2 100
5 4 8 1 4 4 2 3 147
5 4 8 1 4 4 3 2 145
5 4 8 1 5 3 2 3 133
5 5 9 2 2 5 2 3 122
5 5 9 2 2 5 3 2 125
5 5 9 2 3 4 2 3 159
6 2 4 1 7 6 49
6 3 5 2 6 6 50
6 3 6 1 2 5 6 52
6 3 6 1 3 4 6 55
6 3 6 1 7 2 4 36
6 3 6 1 7 3 3 37
6 3 6 1 7 4 2 45
6 4 7 2 6 2 4 67
6 4 7 2 6 3 3 69
6 4 7 2 6 4 2 66
6 4 8 1 2 5 2 4 116
6 4 8 1 2 5 3 3 118
6 4 8 1 2 5 4 2 123
6 4 8 1 3 4 2 4 158
6 4 8 1 3 4 3 3 154
6 4 8 1 3 4 4 2 149
6 4 8 1 4 3 2 4 195
6 4 8 1 4 3 3 3 171
6 4 8 1 4 3 4 2 162
6 4 8 1 5 2 2 4 134
6 4 8 1 5 2 3 3 119
6 4 8 1 5 2 4 2 115
6 4 8 1 7 2 2 2 43
6 5 10 1 2 2 3 2 4 200
6 5 10 1 2 5 2 2 2 129
6 5 10 1 3 4 2 2 2 160
6 5 10 1 4 3 2 2 2 191
6 5 10 1 5 2 2 2 2 130
6 5 9 2 2 4 2 4 176
6 5 9 2 2 4 3 3 173
6 5 9 2 2 4 4 2 150
6 5 9 2 3 3 2 4 199
6 5 9 2 3 3 3 3 204
6 5 9 2 3 3 4 2 163
6 5 9 2 4 2 2 4 186
6 5 9 2 4 2 3 3 177
6 5 9 2 6 2 2 2 76
6 6 11 2 2 4 2 2 2 190
6 6 11 2 3 3 2 2 2 211
6 6 11 2 4 2 2 2 2 189
6 6 12 1 2 2 3 2 2 2 227
6 6 12 1 2 3 2 2 2 2 225
6 6 12 1 3 2 2 2 2 2 226
7 2 4 1 6 7 27
7 3 5 2 5 7 28
7 3 6 1 2 4 7 30
7 3 6 1 3 3 7 33
7 3 6 1 4 2 7 46
7 3 6 1 6 2 5 64
7 3 6 1 6 3 4 65
7 3 6 1 6 4 3 68
7 3 6 1 6 5 2 82
7 4 7 2 2 3 7 34
7 4 7 2 5 2 5 113
7 4 7 2 5 3 4 112
7 4 7 2 5 4 3 114
7 4 7 2 5 5 2 89
7 4 8 1 2 4 2 5 138
7 4 8 1 2 4 3 4 165
7 4 8 1 2 4 4 3 146
7 4 8 1 2 4 5 2 95
7 4 8 1 3 3 2 5 139
7 4 8 1 3 3 3 4 166
7 4 8 1 3 3 4 3 156
7 4 8 1 3 3 5 2 104
7 4 8 1 4 2 2 5 141
7 4 8 1 4 2 3 4 168
7 4 8 1 4 2 4 3 174
7 4 8 1 4 2 5 2 135
7 4 8 1 6 2 2 3 79
7 4 8 1 6 2 3 2 70
7 4 8 1 6 3 2 2 78
7 5 10 1 2 2 2 2 5 143
7 5 10 1 2 2 2 3 4 170
7 5 10 1 2 2 2 4 3 185
7 5 10 1 2 4 2 2 3 188
7 5 10 1 2 4 2 3 2 180
7 5 10 1 2 4 3 2 2 182
7 5 10 1 3 3 2 2 3 210
7 5 10 1 3 3 2 3 2 208
7 5 10 1 3 3 3 2 2 205
7 5 10 1 4 2 2 2 3 187
7 5 10 1 4 2 2 3 2 192
7 5 10 1 4 2 3 2 2 179
7 5 9 2 2 3 2 5 140
7 5 9 2 2 3 3 4 167
7 5 9 2 2 3 4 3 157
7 5 9 2 2 3 5 2 105
7 5 9 2 3 2 2 5 142
7 5 9 2 3 2 3 4 169
7 5 9 2 3 2 4 3 184
7 5 9 2 3 2 5 2 136
7 5 9 2 5 2 2 3 128
7 5 9 2 5 2 3 2 121
7 5 9 2 5 3 2 2 120
7 6 11 2 2 3 2 2 3 220
7 6 11 2 2 3 2 3 2 221
7 6 11 2 2 3 3 2 2 212
7 6 11 2 3 2 2 2 3 224
7 6 11 2 3 2 2 3 2 219
7 6 11 2 3 2 3 2 2 218
7 6 12 1 2 2 2 2 2 3 230
7 6 12 1 2 2 2 2 3 2 229
7 6 12 1 2 2 2 3 2 2 228
8 2 4 1 5 8 14
8 3 5 2 4 8 15
8 3 6 1 2 3 8 17
8 3 6 1 3 2 8 24
8 3 6 1 5 2 6 83
8 3 6 1 5 3 5 106
8 3 6 1 5 4 4 111
8 3 6 1 5 5 3 88
8 3 6 1 5 6 2 51
8 4 7 2 2 2 8 25
8 4 7 2 4 2 6 84
8 4 7 2 4 3 5 107
8 4 7 2 4 4 4 144
8 4 7 2 4 5 3 93
8 4 7 2 4 6 2 54
8 4 8 1 2 3 2 6 85
8 4 8 1 2 3 3 5 108
8 4 8 1 2 3 4 4 151
8 4 8 1 2 3 5 3 101
8 4 8 1 2 3 6 2 60
8 4 8 1 3 2 2 6 86
8 4 8 1 3 2 3 5 109
8 4 8 1 3 2 4 4 152
8 4 8 1 3 2 5 3 126
8 4 8 1 3 2 6 2 80
8 4 8 1 5 3 3 2 117
8 4 8 1 5 4 2 2 132
8 5 10 1 2 3 2 2 4 201
8 5 10 1 2 3 2 3 3 215
8 5 10 1 2 3 2 4 2 196
8 5 10 1 2 3 3 2 3 209
8 5 10 1 2 3 3 3 2 206
8 5 10 1 2 3 4 2 2 161
8 5 10 1 3 2 2 2 4 202
8 5 10 1 3 2 2 3 3 216
8 5 10 1 3 2 2 4 2 197
8 5 10 1 3 2 3 2 3 222
8 5 10 1 3 2 3 3 2 213
8 5 10 1 3 2 4 2 2 193
8 5 9 2 2 2 2 6 87
8 5 9 2 2 2 3 5 110
8 5 9 2 2 2 4 4 153
8 5 9 2 2 2 5 3 127
8 5 9 2 2 2 6 2 81
8 5 9 2 4 2 4 2 175
8 5 9 2 4 3 2 3 178
8 5 9 2 4 3 3 2 172
8 5 9 2 4 4 2 2 148
8 6 11 2 2 2 2 2 4 203
8 6 11 2 2 2 2 3 3 217
8 6 11 2 2 2 2 4 2 198
8 6 11 2 2 2 3 2 3 223
8 6 11 2 2 2 3 3 2 214
8 6 11 2 2 2 4 2 2 194
8 7 13 2 2 2 2 2 2 2 231
9 2 4 1 4 9 7
9 3 5 2 3 9 8
9 3 6 1 2 2 9 12
9 3 6 1 4 3 6 61
9 3 6 1 4 4 5 96
9 3 6 1 4 5 4 92
9 3 6 1 4 6 3 53
9 3 6 1 4 7 2 29
9 4 7 2 3 2 7 47
9 4 7 2 3 3 6 62
9 4 7 2 3 4 5 97
9 4 7 2 3 5 4 99
9 4 7 2 3 6 3 58
9 4 7 2 3 7 2 32
9 4 8 1 2 2 2 7 48
9 4 8 1 2 2 3 6 63
9 4 8 1 2 2 4 5 98
9 4 8 1 2 2 5 4 124
9 4 8 1 2 2 6 3 75
9 4 8 1 2 2 7 2 44
9 4 8 1 4 5 2 2 94
9 5 10 1 2 2 2 5 2 137
9 5 10 1 2 2 3 3 3 207
9 5 10 1 2 2 3 4 2 164
9 5 10 1 2 2 4 2 3 181
9 5 10 1 2 2 4 3 2 183
9 5 10 1 2 2 5 2 2 131
9 5 9 2 3 4 3 2 155
9 5 9 2 3 5 2 2 103
10 2 4 1 3 10 3
10 3 5 2 2 10 5
10 3 6 1 3 5 5 90
10 3 6 1 3 6 4 57
10 3 6 1 3 7 3 31
10 3 6 1 3 8 2 16
10 4 7 2 2 4 6 56
10 4 7 2 2 5 5 91
10 4 7 2 2 6 4 73
10 4 7 2 2 7 3 41
10 4 7 2 2 8 2 22
10 5 9 2 2 6 2 2 77
11 2 4 1 2 11 1
11 3 6 1 2 7 4 40
11 3 6 1 2 8 3 20
11 3 6 1 2 9 2 10
12 2 3 2 12 0
12 3 5 2 10 2 4
13 1 2 1 13 232
