19 2584
2 2 4 1 16 2 2
3 2 4 1 15 3 6
3 3 5 2 14 3 9
4 2 4 1 14 4 13
4 3 5 2 13 4 18
4 3 6 1 14 2 2 11
4 4 7 2 13 2 2 21
4 4 8 1 2 12 2 2 42
4 4 8 1 3 11 2 2 60
5 2 4 1 13 5 26
5 3 5 2 12 5 35
5 3 6 1 13 2 3 19
5 3 6 1 13 3 2 23
5 3 6 1 2 11 5 74
5 4 7 2 12 2 3 39
5 4 7 2 12 3 2 38
5 4 8 1 2 11 2 3 73
5 4 8 1 2 11 3 2 76
5 4 8 1 3 10 2 3 110
5 4 8 1 3 10 3 2 108
5 4 8 1 4 9 2 3 182
5 4 8 1 4 9 3 2 180
5 4 8 1 5 8 2 3 305
5 5 9 2 2 10 2 3 135
5 5 9 2 2 10 3 2 140
5 5 9 2 3 9 2 3 200
6 2 4 1 12 6 49
6 3 5 2 11 6 65
6 3 6 1 12 2 4 36
6 3 6 1 12 3 3 37
6 3 6 1 12 4 2 45
6 3 6 1 2 10 6 136
6 3 6 1 3 9 6 191
6 4 7 2 11 2 4 69
6 4 7 2 11 3 3 71
6 4 7 2 11 4 2 68
6 4 8 1 12 2 2 2 43
6 4 8 1 2 10 2 4 128
6 4 8 1 2 10 3 3 131
6 4 8 1 2 10 4 2 138
6 4 8 1 3 9 2 4 199
6 4 8 1 3 9 3 3 195
6 4 8 1 3 9 4 2 193
6 4 8 1 4 8 2 4 322
6 4 8 1 4 8 3 3 318
6 4 8 1 4 8 4 2 316
6 4 8 1 5 7 2 4 528
6 4 8 1 5 7 3 3 524
6 4 8 1 5 7 4 2 522
6 4 8 1 6 6 2 4 853
6 4 8 1 6 6 3 3 849
6 4 8 1 7 5 2 4 799
6 5 10 1 2 10 2 2 2 144
6 5 10 1 2 2 8 2 4 408
6 5 10 1 3 9 2 2 2 201
6 5 10 1 4 8 2 2 2 324
6 5 10 1 5 7 2 2 2 530
6 5 10 1 6 6 2 2 2 855
6 5 10 1 7 5 2 2 2 789
6 5 10 1 8 4 2 2 2 461
6 5 10 1 9 3 2 2 2 261
6 5 9 2 11 2 2 2 78
6 5 9 2 2 9 2 4 231
6 5 9 2 2 9 3 3 237
6 5 9 2 2 9 4 2 248
6 5 9 2 3 8 2 4 353
6 5 9 2 3 8 3 3 346
6 5 9 2 3 8 4 2 342
6 5 9 2 4 7 2 4 558
6 5 9 2 4 7 3 3 551
6 5 9 2 5 6 2 4 881
6 6 11 2 2 9 2 2 2 260
6 6 11 2 3 8 2 2 2 357
6 6 11 2 4 7 2 2 2 562
6 6 11 2 5 6 2 2 2 885
6 6 11 2 6 5 2 2 2 1105
6 6 11 2 7 4 2 2 2 694
6 6 12 1 2 2 8 2 2 2 460
6 6 12 1 2 3 7 2 2 2 620
6 6 12 1 2 4 6 2 2 2 940
6 6 12 1 3 2 7 2 2 2 787
7 2 4 1 11 7 90
7 3 5 2 10 7 119
7 3 6 1 11 2 5 66
7 3 6 1 11 3 4 67
7 3 6 1 11 4 3 70
7 3 6 1 11 5 2 84
7 3 6 1 2 9 7 244
7 3 6 1 3 8 7 337
7 3 6 1 4 7 7 504
7 4 7 2 10 2 5 123
7 4 7 2 10 3 4 125
7 4 7 2 10 4 3 126
7 4 7 2 10 5 2 122
7 4 7 2 2 8 7 430
7 4 8 1 11 2 2 3 81
7 4 8 1 11 2 3 2 72
7 4 8 1 11 3 2 2 80
7 4 8 1 2 9 2 5 223
7 4 8 1 2 9 3 4 227
7 4 8 1 2 9 4 3 236
7 4 8 1 2 9 5 2 246
7 4 8 1 3 8 2 5 352
7 4 8 1 3 8 3 4 345
7 4 8 1 3 8 4 3 341
7 4 8 1 3 8 5 2 339
7 4 8 1 4 7 2 5 557
7 4 8 1 4 7 3 4 550
7 4 8 1 4 7 4 3 546
7 4 8 1 4 7 5 2 544
7 4 8 1 5 6 2 5 880
7 4 8 1 5 6 3 4 873
7 4 8 1 5 6 4 3 869
7 4 8 1 5 6 5 2 867
7 4 8 1 6 5 2 5 1300
7 4 8 1 6 5 3 4 1145
7 4 8 1 6 5 4 3 1110
7 4 8 1 6 5 5 2 1082
7 4 8 1 7 4 2 5 800
7 4 8 1 7 4 3 4 701
7 4 8 1 7 4 4 3 678
7 4 8 1 8 3 2 5 470
7 4 8 1 8 3 3 4 412
7 4 8 1 9 2 2 5 268
7 5 10 1 2 2 7 2 5 676
7 5 10 1 2 2 7 3 4 686
7 5 10 1 2 2 7 4 3 713
7 5 10 1 2 3 6 2 5 1016
7 5 10 1 2 3 6 3 4 994
7 5 10 1 2 4 5 2 5 1452
7 5 10 1 2 9 2 2 3 258
7 5 10 1 2 9 2 3 2 242
7 5 10 1 2 9 3 2 2 251
7 5 10 1 3 2 6 2 5 1108
7 5 10 1 3 8 2 2 3 356
7 5 10 1 3 8 2 3 2 354
7 5 10 1 3 8 3 2 2 347
7 5 10 1 4 7 2 2 3 561
7 5 10 1 4 7 2 3 2 559
7 5 10 1 4 7 3 2 2 552
7 5 10 1 5 6 2 2 3 884
7 5 10 1 5 6 2 3 2 882
7 5 10 1 5 6 3 2 2 875
7 5 10 1 6 5 2 2 3 1258
7 5 10 1 6 5 2 3 2 1289
7 5 10 1 6 5 3 2 2 1155
7 5 10 1 7 4 2 2 3 772
7 5 10 1 7 4 2 3 2 790
7 5 10 1 7 4 3 2 2 706
7 5 10 1 8 3 2 2 3 452
7 5 10 1 8 3 2 3 2 462
7 5 10 1 8 3 3 2 2 414
7 5 10 1 9 2 2 2 3 257
7 5 10 1 9 2 2 3 2 262
7 5 10 1 9 2 3 2 2 241
7 5 9 2 10 2 2 3 143
7 5 9 2 10 2 3 2 134
7 5 9 2 10 3 2 2 133
7 5 9 2 2 8 2 5 395
7 5 9 2 2 8 3 4 401
7 5 9 2 2 8 4 3 417
7 5 9 2 2 8 5 2 433
7 5 9 2 3 7 2 5 610
7 5 9 2 3 7 3 4 597
7 5 9 2 3 7 4 3 590
7 5 9 2 3 7 5 2 586
7 5 9 2 4 6 2 5 930
7 5 9 2 4 6 3 4 917
7 5 9 2 4 6 4 3 910
7 5 9 2 4 6 5 2 906
7 5 9 2 5 5 2 5 1382
7 5 9 2 5 5 3 4 1371
7 5 9 2 5 5 4 3 1364
7 5 9 2 6 4 2 5 1134
7 5 9 2 6 4 3 4 1129
7 5 9 2 7 3 2 5 723
7 6 11 2 2 8 2 2 3 457
7 6 11 2 2 8 2 3 2 427
7 6 11 2 2 8 3 2 2 442
7 6 11 2 3 7 2 2 3 618
7 6 11 2 3 7 2 3 2 614
7 6 11 2 3 7 3 2 2 601
7 6 11 2 4 6 2 2 3 938
7 6 11 2 4 6 2 3 2 934
7 6 11 2 4 6 3 2 2 921
7 6 11 2 5 5 2 2 3 1390
7 6 11 2 5 5 2 3 2 1386
7 6 11 2 5 5 3 2 2 1375
7 6 11 2 6 4 2 2 3 1138
7 6 11 2 6 4 2 3 2 1136
7 6 11 2 6 4 3 2 2 1131
7 6 11 2 7 3 2 2 3 727
7 6 11 2 7 3 2 3 2 725
7 6 11 2 7 3 3 2 2 708
7 6 11 2 8 2 2 2 3 455
7 6 11 2 8 2 2 3 2 454
7 6 11 2 8 2 3 2 2 426
7 6 12 1 2 2 7 2 2 3 781
7 6 12 1 2 2 7 2 3 2 730
7 6 12 1 2 2 7 3 2 2 754
7 6 12 1 2 3 6 2 2 3 1031
7 6 12 1 2 3 6 2 3 2 1024
7 6 12 1 2 3 6 3 2 2 1002
7 6 12 1 2 4 5 2 2 3 1467
7 6 12 1 2 4 5 2 3 2 1460
7 6 12 1 2 4 5 3 2 2 1440
7 6 12 1 2 5 4 2 2 3 1804
7 6 12 1 2 5 4 2 3 2 1802
7 6 12 1 2 5 4 3 2 2 1748
7 6 12 1 2 6 3 2 2 3 1226
7 6 12 1 2 6 3 2 3 2 1224
7 6 12 1 2 7 2 2 2 3 777
7 6 12 1 3 2 6 2 2 3 1274
7 6 12 1 3 2 6 2 3 2 1192
7 6 12 1 3 2 6 3 2 2 1228
7 6 12 1 3 3 5 2 2 3 1599
7 6 12 1 3 3 5 2 3 2 1587
7 6 12 1 3 3 5 3 2 2 1552
7 6 12 1 3 4 4 2 2 3 2052
7 6 12 1 3 4 4 2 3 2 2043
7 6 12 1 3 5 3 2 2 3 1550
7 6 12 1 4 2 5 2 2 3 1892
7 6 12 1 4 2 5 2 3 2 1791
7 6 12 1 4 3 4 2 2 3 2180
7 7 13 2 2 2 6 2 2 3 1275
7 7 13 2 2 2 6 2 3 2 1193
7 7 13 2 2 2 6 3 2 2 1229
7 7 13 2 2 3 5 2 2 3 1600
7 7 13 2 2 3 5 2 3 2 1588
7 7 13 2 2 4 4 2 2 3 2053
7 7 13 2 3 2 5 2 2 3 1893
8 2 4 1 10 8 162
8 3 5 2 9 8 214
8 3 6 1 10 2 6 120
8 3 6 1 10 3 5 121
8 3 6 1 10 4 4 124
8 3 6 1 10 5 3 129
8 3 6 1 10 6 2 153
8 3 6 1 2 8 8 289
8 3 6 1 3 7 8 292
8 3 6 1 4 6 8 298
8 3 6 1 5 5 8 309
8 4 7 2 2 7 8 293
8 4 7 2 3 6 8 299
8 4 7 2 9 2 6 218
8 4 7 2 9 3 5 220
8 4 7 2 9 4 4 225
8 4 7 2 9 5 3 221
8 4 7 2 9 6 2 217
8 4 8 1 10 2 2 4 149
8 4 8 1 10 2 3 3 132
8 4 8 1 10 2 4 2 127
8 4 8 1 10 3 2 3 148
8 4 8 1 10 3 3 2 130
8 4 8 1 10 4 2 2 147
8 4 8 1 2 8 2 6 386
8 4 8 1 2 8 3 5 390
8 4 8 1 2 8 4 4 398
8 4 8 1 2 8 5 3 416
8 4 8 1 2 8 6 2 431
8 4 8 1 3 7 2 6 609
8 4 8 1 3 7 3 5 596
8 4 8 1 3 7 4 4 589
8 4 8 1 3 7 5 3 585
8 4 8 1 3 7 6 2 583
8 4 8 1 4 6 2 6 929
8 4 8 1 4 6 3 5 916
8 4 8 1 4 6 4 4 909
8 4 8 1 4 6 5 3 905
8 4 8 1 4 6 6 2 857
8 4 8 1 5 5 2 6 1319
8 4 8 1 5 5 3 5 1370
8 4 8 1 5 5 4 4 1363
8 4 8 1 5 5 5 3 1359
8 4 8 1 5 5 6 2 888
8 4 8 1 6 4 2 6 1301
8 4 8 1 6 4 3 5 1146
8 4 8 1 6 4 4 4 1111
8 4 8 1 6 4 5 3 1084
8 4 8 1 6 4 6 2 944
8 4 8 1 7 3 2 6 801
8 4 8 1 7 3 3 5 702
8 4 8 1 7 3 4 4 682
8 4 8 1 7 3 5 3 667
8 4 8 1 7 3 6 2 654
8 4 8 1 8 2 2 6 471
8 4 8 1 8 2 3 5 419
8 4 8 1 8 2 4 4 402
8 4 8 1 8 2 5 3 392
8 5 10 1 10 2 2 2 2 145
8 5 10 1 2 2 6 2 6 1096
8 5 10 1 2 2 6 3 5 1091
8 5 10 1 2 2 6 4 4 1116
8 5 10 1 2 2 6 5 3 1164
8 5 10 1 2 2 6 6 2 859
8 5 10 1 2 3 5 2 6 1321
8 5 10 1 2 3 5 3 5 1534
8 5 10 1 2 3 5 4 4 1514
8 5 10 1 2 3 5 5 3 1379
8 5 10 1 2 4 4 2 6 1325
8 5 10 1 2 4 4 3 5 1634
8 5 10 1 2 4 4 4 4 1989
8 5 10 1 2 5 3 2 6 1331
8 5 10 1 2 5 3 3 5 1640
8 5 10 1 2 6 2 2 6 1269
8 5 10 1 2 8 2 2 4 456
8 5 10 1 2 8 2 3 3 422
8 5 10 1 2 8 2 4 2 407
8 5 10 1 2 8 3 2 3 441
8 5 10 1 2 8 3 3 2 415
8 5 10 1 2 8 4 2 2 436
8 5 10 1 3 2 5 2 6 1322
8 5 10 1 3 2 5 3 5 1631
8 5 10 1 3 2 5 4 4 1673
8 5 10 1 3 3 4 2 6 1326
8 5 10 1 3 3 4 3 5 1635
8 5 10 1 3 4 3 2 6 1332
8 5 10 1 3 7 2 2 4 617
8 5 10 1 3 7 2 3 3 613
8 5 10 1 3 7 2 4 2 611
8 5 10 1 3 7 3 2 3 600
8 5 10 1 3 7 3 3 2 598
8 5 10 1 3 7 4 2 2 591
8 5 10 1 4 2 4 2 6 1328
8 5 10 1 4 6 2 2 4 937
8 5 10 1 4 6 2 3 3 933
8 5 10 1 4 6 2 4 2 931
8 5 10 1 4 6 3 2 3 920
8 5 10 1 4 6 3 3 2 918
8 5 10 1 4 6 4 2 2 911
8 5 10 1 5 5 2 2 4 1389
8 5 10 1 5 5 2 3 3 1385
8 5 10 1 5 5 2 4 2 1383
8 5 10 1 5 5 3 2 3 1374
8 5 10 1 5 5 3 3 2 1372
8 5 10 1 5 5 4 2 2 1365
8 5 10 1 6 4 2 2 4 1251
8 5 10 1 6 4 2 3 3 1259
8 5 10 1 6 4 2 4 2 1290
8 5 10 1 6 4 3 2 3 1156
8 5 10 1 6 4 3 3 2 1150
8 5 10 1 6 4 4 2 2 1113
8 5 10 1 7 3 2 2 4 768
8 5 10 1 7 3 2 3 3 773
8 5 10 1 7 3 2 4 2 791
8 5 10 1 7 3 3 2 3 707
8 5 10 1 7 3 3 3 2 704
8 5 10 1 7 3 4 2 2 684
8 5 10 1 8 2 2 2 4 451
8 5 10 1 8 2 2 3 3 453
8 5 10 1 8 2 2 4 2 463
8 5 10 1 8 2 3 2 3 424
8 5 10 1 8 2 3 3 2 421
8 5 10 1 8 2 4 2 2 406
8 5 9 2 2 7 2 6 662
8 5 9 2 2 7 3 5 669
8 5 9 2 2 7 4 4 681
8 5 9 2 2 7 5 3 712
8 5 9 2 2 7 6 2 734
8 5 9 2 3 6 2 6 1014
8 5 9 2 3 6 3 5 992
8 5 9 2 3 6 4 4 979
8 5 9 2 3 6 5 3 972
8 5 9 2 3 6 6 2 858
8 5 9 2 4 5 2 6 1320
8 5 9 2 4 5 3 5 1430
8 5 9 2 4 5 4 4 1418
8 5 9 2 4 5 5 3 1378
8 5 9 2 4 5 6 2 889
8 5 9 2 5 4 2 6 1324
8 5 9 2 5 4 3 5 1633
8 5 9 2 5 4 4 4 1667
8 5 9 2 5 4 5 3 1444
8 5 9 2 5 4 6 2 945
8 5 9 2 6 3 2 6 1180
8 5 9 2 6 3 3 5 1147
8 5 9 2 6 3 4 4 1118
8 5 9 2 6 3 5 3 1088
8 5 9 2 7 2 2 6 766
8 5 9 2 7 2 3 5 717
8 5 9 2 7 2 4 4 688
8 5 9 2 9 2 2 4 256
8 5 9 2 9 2 3 3 239
8 5 9 2 9 2 4 2 230
8 5 9 2 9 3 2 3 240
8 5 9 2 9 3 3 2 235
8 5 9 2 9 4 2 2 229
8 6 11 2 2 2 5 2 6 1323
8 6 11 2 2 2 5 3 5 1632
8 6 11 2 2 3 4 2 6 1327
8 6 11 2 2 7 2 2 4 779
8 6 11 2 2 7 2 3 3 722
8 6 11 2 2 7 2 4 2 696
8 6 11 2 2 7 3 2 3 752
8 6 11 2 2 7 3 3 2 710
8 6 11 2 2 7 4 2 2 743
8 6 11 2 3 6 2 2 4 1029
8 6 11 2 3 6 2 3 3 1022
8 6 11 2 3 6 2 4 2 1018
8 6 11 2 3 6 3 2 3 1000
8 6 11 2 3 6 3 3 2 996
8 6 11 2 3 6 4 2 2 983
8 6 11 2 4 5 2 2 4 1465
8 6 11 2 4 5 2 3 3 1458
8 6 11 2 4 5 2 4 2 1454
8 6 11 2 4 5 3 2 3 1438
8 6 11 2 4 5 3 3 2 1434
8 6 11 2 4 5 4 2 2 1422
8 6 11 2 5 4 2 2 4 1717
8 6 11 2 5 4 2 3 3 1714
8 6 11 2 5 4 2 4 2 1712
8 6 11 2 5 4 3 2 3 1707
8 6 11 2 5 4 3 3 2 1705
8 6 11 2 5 4 4 2 2 1671
8 6 11 2 6 3 2 2 4 1187
8 6 11 2 6 3 2 3 3 1184
8 6 11 2 6 3 2 4 2 1182
8 6 11 2 6 3 3 2 3 1158
8 6 11 2 6 3 3 3 2 1152
8 6 11 2 6 3 4 2 2 1122
8 6 11 2 7 2 2 2 4 771
8 6 11 2 7 2 2 3 3 775
8 6 11 2 7 2 2 4 2 770
8 6 11 2 7 2 3 2 3 726
8 6 11 2 7 2 3 3 2 721
8 6 11 2 7 2 4 2 2 695
8 6 11 2 9 2 2 2 2 259
8 6 12 1 2 2 6 2 2 4 1272
8 6 12 1 2 2 6 2 3 3 1179
8 6 12 1 2 2 6 2 4 2 1141
8 6 12 1 2 2 6 3 2 3 1225
8 6 12 1 2 2 6 3 3 2 1163
8 6 12 1 2 2 6 4 2 2 1211
8 6 12 1 2 3 5 2 2 4 1596
8 6 12 1 2 3 5 2 3 3 1584
8 6 12 1 2 3 5 2 4 2 1577
8 6 12 1 2 3 5 3 2 3 1549
8 6 12 1 2 3 5 3 3 2 1542
8 6 12 1 2 3 5 4 2 2 1522
8 6 12 1 2 4 4 2 2 4 2049
8 6 12 1 2 4 4 2 3 3 2040
8 6 12 1 2 4 4 2 4 2 2035
8 6 12 1 2 4 4 3 2 3 2017
8 6 12 1 2 4 4 3 3 2 2012
8 6 12 1 2 4 4 4 2 2 1997
8 6 12 1 2 5 3 2 2 4 1829
8 6 12 1 2 5 3 2 3 3 1825
8 6 12 1 2 5 3 2 4 2 1823
8 6 12 1 2 5 3 3 2 3 1744
8 6 12 1 2 5 3 3 3 2 1737
8 6 12 1 2 5 3 4 2 2 1683
8 6 12 1 2 6 2 2 2 4 1257
8 6 12 1 2 6 2 2 3 3 1263
8 6 12 1 2 6 2 2 4 2 1271
8 6 12 1 2 6 2 3 2 3 1186
8 6 12 1 2 6 2 3 3 2 1178
8 6 12 1 2 6 2 4 2 2 1140
8 6 12 1 2 8 2 2 2 2 458
8 6 12 1 3 2 5 2 2 4 1888
8 6 12 1 3 2 5 2 3 3 1771
8 6 12 1 3 2 5 2 4 2 1722
8 6 12 1 3 2 5 3 2 3 1827
8 6 12 1 3 2 5 3 3 2 1751
8 6 12 1 3 2 5 4 2 2 1806
8 6 12 1 3 3 4 2 2 4 2174
8 6 12 1 3 3 4 2 3 3 2157
8 6 12 1 3 3 4 2 4 2 2147
8 6 12 1 3 3 4 3 2 3 2117
8 6 12 1 3 3 4 3 3 2 2107
8 6 12 1 3 3 4 4 2 2 2060
8 6 12 1 3 4 3 2 2 4 2119
8 6 12 1 3 4 3 2 3 3 2115
8 6 12 1 3 4 3 2 4 2 2113
8 6 12 1 3 4 3 3 2 3 2105
8 6 12 1 3 4 3 3 3 2 2103
8 6 12 1 3 4 3 4 2 2 2097
8 6 12 1 3 5 2 2 2 4 1601
8 6 12 1 3 5 2 2 3 3 1597
8 6 12 1 3 5 2 2 4 2 1595
8 6 12 1 3 5 2 3 2 3 1585
8 6 12 1 3 5 2 3 3 2 1583
8 6 12 1 3 7 2 2 2 2 619
8 6 12 1 4 2 4 2 2 4 2285
8 6 12 1 4 2 4 2 3 3 2282
8 6 12 1 4 2 4 2 4 2 2280
8 6 12 1 4 2 4 3 2 3 2275
8 6 12 1 4 2 4 3 3 2 2266
8 6 12 1 4 2 4 4 2 2 2062
8 6 12 1 4 3 3 2 2 4 2261
8 6 12 1 4 3 3 2 3 3 2258
8 6 12 1 4 3 3 2 4 2 2256
8 6 12 1 4 3 3 3 2 3 2251
8 6 12 1 4 3 3 3 3 2 2249
8 6 12 1 4 4 2 2 2 4 2054
8 6 12 1 4 4 2 2 3 3 2050
8 6 12 1 4 4 2 2 4 2 2048
8 6 12 1 4 4 2 3 2 3 2041
8 6 12 1 4 6 2 2 2 2 939
8 6 12 1 5 2 3 2 2 4 1784
8 6 12 1 5 2 3 2 3 3 1779
8 6 12 1 5 2 3 2 4 2 1776
8 6 12 1 5 2 3 3 2 3 1768
8 6 12 1 5 3 2 2 2 4 1909
8 6 12 1 5 3 2 2 3 3 1878
8 6 12 1 5 5 2 2 2 2 1391
8 6 12 1 6 2 2 2 2 4 1285
8 6 12 1 6 4 2 2 2 2 1280
8 6 12 1 7 3 2 2 2 2 784
8 6 12 1 8 2 2 2 2 2 459
8 7 13 2 2 2 5 2 2 4 1889
8 7 13 2 2 2 5 2 3 3 1772
8 7 13 2 2 2 5 2 4 2 1723
8 7 13 2 2 2 5 3 2 3 1828
8 7 13 2 2 2 5 3 3 2 1752
8 7 13 2 2 2 5 4 2 2 1807
8 7 13 2 2 3 4 2 2 4 2175
8 7 13 2 2 3 4 2 3 3 2158
8 7 13 2 2 3 4 2 4 2 2148
8 7 13 2 2 3 4 3 2 3 2118
8 7 13 2 2 3 4 3 3 2 2108
8 7 13 2 2 3 4 4 2 2 2061
8 7 13 2 2 4 3 2 2 4 2348
8 7 13 2 2 4 3 2 3 3 2343
8 7 13 2 2 4 3 2 4 2 2340
8 7 13 2 2 4 3 3 2 3 2260
8 7 13 2 2 4 3 3 3 2 2253
8 7 13 2 2 5 2 2 2 4 1869
8 7 13 2 2 5 2 2 3 3 1876
8 7 13 2 2 5 2 2 4 2 1887
8 7 13 2 2 5 2 3 2 3 1782
8 7 13 2 2 7 2 2 2 2 783
8 7 13 2 3 2 4 2 2 4 2397
8 7 13 2 3 2 4 2 3 3 2305
8 7 13 2 3 2 4 2 4 2 2290
8 7 13 2 3 2 4 3 2 3 2346
8 7 13 2 3 2 4 3 3 2 2267
8 7 13 2 3 3 3 2 2 4 2457
8 7 13 2 3 3 3 2 3 3 2478
8 7 13 2 3 3 3 2 4 2 2436
8 7 13 2 3 3 3 3 2 3 2472
8 7 13 2 3 4 2 2 2 4 2183
8 7 13 2 3 4 2 2 3 3 2177
8 7 13 2 3 6 2 2 2 2 1033
8 7 13 2 4 2 3 2 2 4 2318
8 7 13 2 4 2 3 2 3 3 2312
8 7 13 2 4 3 2 2 2 4 2322
8 7 13 2 4 5 2 2 2 2 1469
8 7 13 2 5 4 2 2 2 2 1719
8 7 13 2 6 3 2 2 2 2 1189
8 7 13 2 7 2 2 2 2 2 782
8 7 14 1 2 2 2 4 2 2 4 2398
8 7 14 1 2 2 2 4 2 3 3 2306
8 7 14 1 2 2 3 3 2 2 4 2458
8 7 14 1 2 2 6 2 2 2 2 1279
8 7 14 1 2 3 5 2 2 2 2 1604
8 7 14 1 2 4 4 2 2 2 2 2057
8 7 14 1 2 5 3 2 2 2 2 1831
8 7 14 1 2 6 2 2 2 2 2 1277
8 7 14 1 3 2 5 2 2 2 2 1903
8 7 14 1 3 3 4 2 2 2 2 2188
8 7 14 1 3 4 3 2 2 2 2 2121
8 7 14 1 3 5 2 2 2 2 2 1603
8 7 14 1 4 2 4 2 2 2 2 2287
8 7 14 1 4 3 3 2 2 2 2 2263
8 7 14 1 4 4 2 2 2 2 2 2056
8 7 14 1 5 2 3 2 2 2 2 1788
8 7 14 1 5 3 2 2 2 2 2 1900
8 7 14 1 6 2 2 2 2 2 2 1278
8 8 15 2 2 2 5 2 2 2 2 1904
8 8 15 2 2 3 4 2 2 2 2 2189
8 8 15 2 2 4 3 2 2 2 2 2352
8 8 15 2 2 5 2 2 2 2 2 1899
8 8 15 2 3 2 4 2 2 2 2 2422
8 8 15 2 3 3 3 2 2 2 2 2485
8 8 15 2 3 4 2 2 2 2 2 2187
8 8 15 2 4 2 3 2 2 2 2 2325
8 8 15 2 4 3 2 2 2 2 2 2324
8 8 15 2 5 2 2 2 2 2 2 1898
8 8 16 1 2 2 2 4 2 2 2 2 2423
8 8 16 1 2 2 3 3 2 2 2 2 2523
8 8 16 1 2 2 4 2 2 2 2 2 2416
8 8 16 1 2 3 2 3 2 2 2 2 2557
8 8 16 1 2 3 3 2 2 2 2 2 2522
8 8 16 1 3 2 2 3 2 2 2 2 2548
9 2 4 1 9 9 163
9 3 5 2 8 9 164
9 3 6 1 2 7 9 166
9 3 6 1 3 6 9 169
9 3 6 1 4 5 9 175
9 3 6 1 5 4 9 186
9 3 6 1 6 3 9 206
9 3 6 1 9 2 7 215
9 3 6 1 9 3 6 216
9 3 6 1 9 4 5 219
9 3 6 1 9 5 4 224
9 3 6 1 9 6 3 232
9 3 6 1 9 7 2 274
9 4 7 2 2 6 9 170
9 4 7 2 3 5 9 176
9 4 7 2 4 4 9 187
9 4 7 2 8 2 7 381
9 4 7 2 8 3 6 383
9 4 7 2 8 4 5 388
9 4 7 2 8 5 4 391
9 4 7 2 8 6 3 384
9 4 7 2 8 7 2 380
9 4 8 1 2 7 2 7 657
9 4 8 1 2 7 3 6 655
9 4 8 1 2 7 4 5 666
9 4 8 1 2 7 5 4 680
9 4 8 1 2 7 6 3 711
9 4 8 1 2 7 7 2 503
9 4 8 1 3 6 2 7 815
9 4 8 1 3 6 3 6 991
9 4 8 1 3 6 4 5 978
9 4 8 1 3 6 5 4 971
9 4 8 1 3 6 6 3 851
9 4 8 1 3 6 7 2 513
9 4 8 1 4 5 2 7 817
9 4 8 1 4 5 3 6 1054
9 4 8 1 4 5 4 5 1417
9 4 8 1 4 5 5 4 1367
9 4 8 1 4 5 6 3 877
9 4 8 1 4 5 7 2 532
9 4 8 1 5 4 2 7 820
9 4 8 1 5 4 3 6 1057
9 4 8 1 5 4 4 5 1490
9 4 8 1 5 4 5 4 1425
9 4 8 1 5 4 6 3 924
9 4 8 1 5 4 7 2 565
9 4 8 1 6 3 2 7 825
9 4 8 1 6 3 3 6 1062
9 4 8 1 6 3 4 5 1117
9 4 8 1 6 3 5 4 1087
9 4 8 1 6 3 6 3 1006
9 4 8 1 6 3 7 2 624
9 4 8 1 7 2 2 7 802
9 4 8 1 7 2 3 6 716
9 4 8 1 7 2 4 5 687
9 4 8 1 7 2 5 4 670
9 4 8 1 7 2 6 3 659
9 4 8 1 7 2 7 2 656
9 4 8 1 9 2 3 4 238
9 4 8 1 9 2 4 3 228
9 4 8 1 9 2 5 2 222
9 4 8 1 9 3 2 4 267
9 4 8 1 9 3 3 3 234
9 4 8 1 9 3 4 2 226
9 4 8 1 9 4 2 3 266
9 4 8 1 9 4 3 2 233
9 4 8 1 9 5 2 2 265
9 5 10 1 2 2 5 2 7 819
9 5 10 1 2 2 5 3 6 1056
9 5 10 1 2 2 5 4 5 1489
9 5 10 1 2 2 5 5 4 1369
9 5 10 1 2 2 5 6 3 879
9 5 10 1 2 2 5 7 2 534
9 5 10 1 2 3 4 2 7 822
9 5 10 1 2 3 4 3 6 1059
9 5 10 1 2 3 4 4 5 1492
9 5 10 1 2 3 4 5 4 1427
9 5 10 1 2 3 4 6 3 926
9 5 10 1 2 3 4 7 2 567
9 5 10 1 2 4 3 2 7 827
9 5 10 1 2 4 3 3 6 1064
9 5 10 1 2 4 3 4 5 1496
9 5 10 1 2 4 3 5 4 1527
9 5 10 1 2 4 3 6 3 1008
9 5 10 1 2 5 2 2 7 834
9 5 10 1 2 5 2 3 6 1071
9 5 10 1 2 5 2 4 5 1502
9 5 10 1 2 5 2 5 4 1689
9 5 10 1 2 7 2 2 5 778
9 5 10 1 2 7 2 3 4 719
9 5 10 1 2 7 2 4 3 691
9 5 10 1 2 7 2 5 2 675
9 5 10 1 2 7 3 2 4 751
9 5 10 1 2 7 3 3 3 705
9 5 10 1 2 7 3 4 2 685
9 5 10 1 2 7 4 2 3 742
9 5 10 1 2 7 4 3 2 709
9 5 10 1 2 7 5 2 2 737
9 5 10 1 3 2 4 2 7 823
9 5 10 1 3 2 4 3 6 1060
9 5 10 1 3 2 4 4 5 1493
9 5 10 1 3 2 4 5 4 1428
9 5 10 1 3 2 4 6 3 927
9 5 10 1 3 3 3 2 7 828
9 5 10 1 3 3 3 3 6 1065
9 5 10 1 3 3 3 4 5 1497
9 5 10 1 3 3 3 5 4 1528
9 5 10 1 3 4 2 2 7 835
9 5 10 1 3 4 2 3 6 1072
9 5 10 1 3 4 2 4 5 1503
9 5 10 1 3 6 2 2 5 1028
9 5 10 1 3 6 2 3 4 1021
9 5 10 1 3 6 2 4 3 1017
9 5 10 1 3 6 2 5 2 1015
9 5 10 1 3 6 3 2 4 999
9 5 10 1 3 6 3 3 3 995
9 5 10 1 3 6 3 4 2 993
9 5 10 1 3 6 4 2 3 982
9 5 10 1 3 6 4 3 2 980
9 5 10 1 3 6 5 2 2 973
9 5 10 1 4 2 3 2 7 830
9 5 10 1 4 2 3 3 6 1067
9 5 10 1 4 2 3 4 5 1499
9 5 10 1 4 3 2 2 7 837
9 5 10 1 4 3 2 3 6 1074
9 5 10 1 4 5 2 2 5 1464
9 5 10 1 4 5 2 3 4 1457
9 5 10 1 4 5 2 4 3 1453
9 5 10 1 4 5 2 5 2 1451
9 5 10 1 4 5 3 2 4 1437
9 5 10 1 4 5 3 3 3 1433
9 5 10 1 4 5 3 4 2 1431
9 5 10 1 4 5 4 2 3 1421
9 5 10 1 4 5 4 3 2 1419
9 5 10 1 4 5 5 2 2 1393
9 5 10 1 5 2 2 2 7 840
9 5 10 1 5 4 2 2 5 1857
9 5 10 1 5 4 2 3 4 1860
9 5 10 1 5 4 2 4 3 1870
9 5 10 1 5 4 2 5 2 1918
9 5 10 1 5 4 3 2 4 1740
9 5 10 1 5 4 3 3 3 1733
9 5 10 1 5 4 3 4 2 1728
9 5 10 1 5 4 4 2 3 1670
9 5 10 1 5 4 4 3 2 1668
9 5 10 1 5 4 5 2 2 1472
9 5 10 1 6 3 2 2 5 1247
9 5 10 1 6 3 2 3 4 1252
9 5 10 1 6 3 2 4 3 1260
9 5 10 1 6 3 2 5 2 1291
9 5 10 1 6 3 3 2 4 1157
9 5 10 1 6 3 3 3 3 1151
9 5 10 1 6 3 3 4 2 1148
9 5 10 1 6 3 4 2 3 1121
9 5 10 1 6 3 4 3 2 1119
9 5 10 1 6 3 5 2 2 1089
9 5 10 1 7 2 2 2 5 767
9 5 10 1 7 2 2 3 4 769
9 5 10 1 7 2 2 4 3 774
9 5 10 1 7 2 2 5 2 792
9 5 10 1 7 2 3 2 4 724
9 5 10 1 7 2 3 3 3 720
9 5 10 1 7 2 3 4 2 718
9 5 10 1 7 2 4 2 3 693
9 5 10 1 7 2 4 3 2 690
9 5 10 1 7 2 5 2 2 674
9 5 9 2 2 6 2 7 816
9 5 9 2 2 6 3 6 1053
9 5 9 2 2 6 4 5 1086
9 5 9 2 2 6 5 4 1115
9 5 9 2 2 6 6 3 852
9 5 9 2 2 6 7 2 514
9 5 9 2 3 5 2 7 818
9 5 9 2 3 5 3 6 1055
9 5 9 2 3 5 4 5 1488
9 5 9 2 3 5 5 4 1368
9 5 9 2 3 5 6 3 878
9 5 9 2 3 5 7 2 533
9 5 9 2 4 4 2 7 821
9 5 9 2 4 4 3 6 1058
9 5 9 2 4 4 4 5 1491
9 5 9 2 4 4 5 4 1426
9 5 9 2 4 4 6 3 925
9 5 9 2 4 4 7 2 566
9 5 9 2 5 3 2 7 826
9 5 9 2 5 3 3 6 1063
9 5 9 2 5 3 4 5 1495
9 5 9 2 5 3 5 4 1526
9 5 9 2 5 3 6 3 1007
9 5 9 2 5 3 7 2 625
9 5 9 2 6 2 2 7 833
9 5 9 2 6 2 3 6 1070
9 5 9 2 6 2 4 5 1126
9 5 9 2 6 2 5 4 1099
9 5 9 2 6 2 6 3 1093
9 5 9 2 6 2 7 2 803
9 5 9 2 8 2 2 5 450
9 5 9 2 8 2 3 4 420
9 5 9 2 8 2 4 3 404
9 5 9 2 8 2 5 2 394
9 5 9 2 8 3 2 4 423
9 5 9 2 8 3 3 3 413
9 5 9 2 8 3 4 2 400
9 5 9 2 8 4 2 3 405
9 5 9 2 8 4 3 2 403
9 5 9 2 8 5 2 2 393
9 6 11 2 2 2 4 2 7 824
9 6 11 2 2 2 4 3 6 1061
9 6 11 2 2 2 4 4 5 1494
9 6 11 2 2 2 4 5 4 1429
9 6 11 2 2 3 3 2 7 829
9 6 11 2 2 3 3 3 6 1066
9 6 11 2 2 3 3 4 5 1498
9 6 11 2 2 4 2 2 7 836
9 6 11 2 2 4 2 3 6 1073
9 6 11 2 2 6 2 2 5 1270
9 6 11 2 2 6 2 3 4 1174
9 6 11 2 2 6 2 4 3 1133
9 6 11 2 2 6 2 5 2 1107
9 6 11 2 2 6 3 2 4 1223
9 6 11 2 2 6 3 3 3 1154
9 6 11 2 2 6 3 4 2 1123
9 6 11 2 2 6 4 2 3 1209
9 6 11 2 2 6 4 3 2 1162
9 6 11 2 2 6 5 2 2 1200
9 6 11 2 3 2 3 2 7 831
9 6 11 2 3 2 3 3 6 1068
9 6 11 2 3 3 2 2 7 838
9 6 11 2 3 5 2 2 5 1594
9 6 11 2 3 5 2 3 4 1582
9 6 11 2 3 5 2 4 3 1575
9 6 11 2 3 5 2 5 2 1571
9 6 11 2 3 5 3 2 4 1547
9 6 11 2 3 5 3 3 3 1540
9 6 11 2 3 5 3 4 2 1536
9 6 11 2 3 5 4 2 3 1520
9 6 11 2 3 5 4 3 2 1516
9 6 11 2 3 5 5 2 2 1394
9 6 11 2 4 4 2 2 5 1969
9 6 11 2 4 4 2 3 4 2038
9 6 11 2 4 4 2 4 3 2033
9 6 11 2 4 4 2 5 2 1928
9 6 11 2 4 4 3 2 4 2015
9 6 11 2 4 4 3 3 3 2010
9 6 11 2 4 4 3 4 2 2006
9 6 11 2 4 4 4 2 3 1995
9 6 11 2 4 4 4 3 2 1991
9 6 11 2 4 4 5 2 2 1473
9 6 11 2 5 3 2 2 5 1783
9 6 11 2 5 3 2 3 4 1778
9 6 11 2 5 3 2 4 3 1775
9 6 11 2 5 3 2 5 2 1773
9 6 11 2 5 3 3 2 4 1742
9 6 11 2 5 3 3 3 3 1735
9 6 11 2 5 3 3 4 2 1730
9 6 11 2 5 3 4 2 3 1681
9 6 11 2 5 3 4 3 2 1678
9 6 11 2 5 3 5 2 2 1608
9 6 11 2 6 2 2 2 5 1250
9 6 11 2 6 2 2 3 4 1254
9 6 11 2 6 2 2 4 3 1255
9 6 11 2 6 2 2 5 2 1249
9 6 11 2 6 2 3 2 4 1183
9 6 11 2 6 2 3 3 3 1176
9 6 11 2 6 2 3 4 2 1173
9 6 11 2 6 2 4 2 3 1137
9 6 11 2 6 2 4 3 2 1132
9 6 11 2 6 2 5 2 2 1106
9 6 11 2 8 3 2 2 2 425
9 6 12 1 2 2 5 2 2 5 1886
9 6 12 1 2 2 5 2 3 4 1764
9 6 12 1 2 2 5 2 4 3 1710
9 6 12 1 2 2 5 2 5 2 1697
9 6 12 1 2 2 5 3 2 4 1824
9 6 12 1 2 2 5 3 3 3 1739
9 6 12 1 2 2 5 3 4 2 1684
9 6 12 1 2 2 5 4 2 3 1803
9 6 12 1 2 2 5 4 3 2 1750
9 6 12 1 2 2 5 5 2 2 1395
9 6 12 1 2 3 4 2 2 5 1970
9 6 12 1 2 3 4 2 3 4 2154
9 6 12 1 2 3 4 2 4 3 2144
9 6 12 1 2 3 4 2 5 2 1929
9 6 12 1 2 3 4 3 2 4 2114
9 6 12 1 2 3 4 3 3 3 2104
9 6 12 1 2 3 4 3 4 2 2098
9 6 12 1 2 3 4 4 2 3 2045
9 6 12 1 2 3 4 4 3 2 2022
9 6 12 1 2 3 4 5 2 2 1474
9 6 12 1 2 4 3 2 2 5 1973
9 6 12 1 2 4 3 2 3 4 2235
9 6 12 1 2 4 3 2 4 3 2339
9 6 12 1 2 4 3 2 5 2 1932
9 6 12 1 2 4 3 3 2 4 2257
9 6 12 1 2 4 3 3 3 3 2250
9 6 12 1 2 4 3 3 4 2 2204
9 6 12 1 2 4 3 4 2 3 2166
9 6 12 1 2 4 3 4 3 2 2126
9 6 12 1 2 4 3 5 2 2 1609
9 6 12 1 2 5 2 2 2 5 1859
9 6 12 1 2 5 2 2 3 4 1864
9 6 12 1 2 5 2 2 4 3 1875
9 6 12 1 2 5 2 2 5 2 1885
9 6 12 1 2 5 2 3 2 4 1777
9 6 12 1 2 5 2 3 3 3 1767
9 6 12 1 2 5 2 3 4 2 1763
9 6 12 1 2 5 2 4 2 3 1716
9 6 12 1 2 5 2 4 3 2 1709
9 6 12 1 2 5 2 5 2 2 1696
9 6 12 1 2 7 2 2 3 2 780
9 6 12 1 2 7 2 3 2 2 729
9 6 12 1 2 7 3 2 2 2 753
9 6 12 1 3 2 4 2 2 5 1971
9 6 12 1 3 2 4 2 3 4 2233
9 6 12 1 3 2 4 2 4 3 2278
9 6 12 1 3 2 4 2 5 2 1930
9 6 12 1 3 2 4 3 2 4 2341
9 6 12 1 3 2 4 3 3 3 2254
9 6 12 1 3 2 4 3 4 2 2202
9 6 12 1 3 2 4 4 2 3 2046
9 6 12 1 3 2 4 4 3 2 2023
9 6 12 1 3 2 4 5 2 2 1475
9 6 12 1 3 3 3 2 2 5 1974
9 6 12 1 3 3 3 2 3 4 2236
9 6 12 1 3 3 3 2 4 3 2365
9 6 12 1 3 3 3 2 5 2 1933
9 6 12 1 3 3 3 3 2 4 2448
9 6 12 1 3 3 3 3 3 3 2469
9 6 12 1 3 3 3 3 4 2 2205
9 6 12 1 3 3 3 4 2 3 2167
9 6 12 1 3 3 3 4 3 2 2127
9 6 12 1 3 3 3 5 2 2 1610
9 6 12 1 3 4 2 2 2 5 1979
9 6 12 1 3 4 2 2 3 4 2176
9 6 12 1 3 4 2 2 4 3 2172
9 6 12 1 3 4 2 2 5 2 1938
9 6 12 1 3 4 2 3 2 4 2159
9 6 12 1 3 4 2 3 3 3 2155
9 6 12 1 3 4 2 3 4 2 2153
9 6 12 1 3 4 2 4 2 3 2145
9 6 12 1 3 4 2 4 3 2 2143
9 6 12 1 3 4 2 5 2 2 1919
9 6 12 1 3 6 2 2 2 3 1032
9 6 12 1 3 6 2 2 3 2 1030
9 6 12 1 3 6 2 3 2 2 1023
9 6 12 1 3 6 3 2 2 2 1001
9 6 12 1 4 2 3 2 2 5 1976
9 6 12 1 4 2 3 2 3 4 2238
9 6 12 1 4 2 3 2 4 3 2307
9 6 12 1 4 2 3 2 5 2 1935
9 6 12 1 4 2 3 3 2 4 2300
9 6 12 1 4 2 3 3 3 3 2297
9 6 12 1 4 2 3 3 4 2 2207
9 6 12 1 4 2 3 4 2 3 2169
9 6 12 1 4 2 3 4 3 2 2129
9 6 12 1 4 2 3 5 2 2 1612
9 6 12 1 4 3 2 2 2 5 1981
9 6 12 1 4 3 2 2 3 4 2242
9 6 12 1 4 3 2 2 4 3 2370
9 6 12 1 4 3 2 2 5 2 1940
9 6 12 1 4 3 2 3 2 4 2424
9 6 12 1 4 3 2 3 3 3 2380
9 6 12 1 4 3 2 3 4 2 2211
9 6 12 1 4 3 2 4 2 3 2332
9 6 12 1 4 3 2 4 3 2 2358
9 6 12 1 4 3 2 5 2 2 1921
9 6 12 1 4 5 2 2 2 3 1468
9 6 12 1 4 5 2 2 3 2 1466
9 6 12 1 4 5 2 3 2 2 1459
9 6 12 1 4 5 3 2 2 2 1439
9 6 12 1 5 2 2 2 2 5 1913
9 6 12 1 5 2 2 2 3 4 1879
9 6 12 1 5 2 2 2 4 3 1865
9 6 12 1 5 2 2 2 5 2 1858
9 6 12 1 5 2 2 3 2 4 1912
9 6 12 1 5 2 2 3 3 3 1873
9 6 12 1 5 2 2 3 4 2 1863
9 6 12 1 5 2 2 4 2 3 1911
9 6 12 1 5 2 2 4 3 2 1872
9 6 12 1 5 4 2 2 2 3 1906
9 6 12 1 5 4 2 2 3 2 1877
9 6 12 1 5 4 2 3 2 2 1905
9 6 12 1 5 4 3 2 2 2 1745
9 6 12 1 6 3 2 2 2 3 1282
9 6 12 1 6 3 2 2 3 2 1264
9 6 12 1 6 3 2 3 2 2 1281
9 6 12 1 6 3 3 2 2 2 1159
9 6 12 1 7 2 2 2 2 3 786
9 6 12 1 7 2 2 2 3 2 776
9 6 12 1 7 2 2 3 2 2 785
9 6 12 1 7 2 3 2 2 2 728
9 7 13 2 2 2 4 2 2 5 1972
9 7 13 2 2 2 4 2 3 4 2234
9 7 13 2 2 2 4 2 4 3 2279
9 7 13 2 2 2 4 2 5 2 1931
9 7 13 2 2 2 4 3 2 4 2342
9 7 13 2 2 2 4 3 3 3 2255
9 7 13 2 2 2 4 3 4 2 2203
9 7 13 2 2 2 4 4 2 3 2047
9 7 13 2 2 2 4 4 3 2 2024
9 7 13 2 2 2 4 5 2 2 1476
9 7 13 2 2 3 3 2 2 5 1975
9 7 13 2 2 3 3 2 3 4 2237
9 7 13 2 2 3 3 2 4 3 2366
9 7 13 2 2 3 3 2 5 2 1934
9 7 13 2 2 3 3 3 2 4 2449
9 7 13 2 2 3 3 3 3 3 2471
9 7 13 2 2 3 3 3 4 2 2206
9 7 13 2 2 3 3 4 2 3 2168
9 7 13 2 2 3 3 4 3 2 2128
9 7 13 2 2 3 3 5 2 2 1611
9 7 13 2 2 4 2 2 2 5 1980
9 7 13 2 2 4 2 2 3 4 2241
9 7 13 2 2 4 2 2 4 3 2369
9 7 13 2 2 4 2 2 5 2 1939
9 7 13 2 2 4 2 3 2 4 2310
9 7 13 2 2 4 2 3 3 3 2299
9 7 13 2 2 4 2 3 4 2 2210
9 7 13 2 2 4 2 4 2 3 2284
9 7 13 2 2 4 2 4 3 2 2277
9 7 13 2 2 4 2 5 2 2 1920
9 7 13 2 2 6 2 2 2 3 1268
9 7 13 2 2 6 2 2 3 2 1273
9 7 13 2 2 6 2 3 2 2 1191
9 7 13 2 2 6 3 2 2 2 1227
9 7 13 2 3 2 3 2 2 5 1977
9 7 13 2 3 2 3 2 3 4 2239
9 7 13 2 3 2 3 2 4 3 2367
9 7 13 2 3 2 3 2 5 2 1936
9 7 13 2 3 2 3 3 2 4 2450
9 7 13 2 3 2 3 3 3 3 2476
9 7 13 2 3 2 3 3 4 2 2208
9 7 13 2 3 2 3 4 2 3 2170
9 7 13 2 3 2 3 4 3 2 2130
9 7 13 2 3 2 3 5 2 2 1613
9 7 13 2 3 3 2 2 2 5 1982
9 7 13 2 3 3 2 2 3 4 2243
9 7 13 2 3 3 2 2 4 3 2371
9 7 13 2 3 3 2 2 5 2 1941
9 7 13 2 3 3 2 3 2 4 2452
9 7 13 2 3 3 2 3 3 3 2492
9 7 13 2 3 3 2 3 4 2 2212
9 7 13 2 3 3 2 4 2 3 2333
9 7 13 2 3 3 2 4 3 2 2359
9 7 13 2 3 5 2 2 2 3 1602
9 7 13 2 3 5 2 2 3 2 1598
9 7 13 2 3 5 2 3 2 2 1586
9 7 13 2 3 5 3 2 2 2 1551
9 7 13 2 4 2 2 2 2 5 1984
9 7 13 2 4 2 2 2 3 4 2245
9 7 13 2 4 2 2 2 4 3 2373
9 7 13 2 4 2 2 2 5 2 1943
9 7 13 2 4 2 2 3 2 4 2387
9 7 13 2 4 2 2 3 3 3 2381
9 7 13 2 4 2 2 3 4 2 2214
9 7 13 2 4 2 2 4 2 3 2335
9 7 13 2 4 4 2 2 2 3 2055
9 7 13 2 4 4 2 2 3 2 2051
9 7 13 2 4 4 2 3 2 2 2042
9 7 13 2 4 4 3 2 2 2 2019
9 7 13 2 5 3 2 2 2 3 1787
9 7 13 2 5 3 2 2 3 2 1785
9 7 13 2 5 3 2 3 2 2 1780
9 7 13 2 5 3 3 2 2 2 1747
9 7 13 2 6 2 2 2 2 3 1276
9 7 13 2 6 2 2 2 3 2 1267
9 7 13 2 6 2 2 3 2 2 1266
9 7 13 2 6 2 3 2 2 2 1190
9 7 14 1 2 2 2 3 2 2 5 1978
9 7 14 1 2 2 2 3 2 3 4 2240
9 7 14 1 2 2 2 3 2 4 3 2368
9 7 14 1 2 2 2 3 2 5 2 1937
9 7 14 1 2 2 2 3 3 2 4 2451
9 7 14 1 2 2 2 3 3 3 3 2477
9 7 14 1 2 2 2 3 3 4 2 2209
9 7 14 1 2 2 2 3 4 2 3 2171
9 7 14 1 2 2 3 2 2 2 5 1983
9 7 14 1 2 2 3 2 2 3 4 2244
9 7 14 1 2 2 3 2 2 4 3 2372
9 7 14 1 2 2 3 2 2 5 2 1942
9 7 14 1 2 2 3 2 3 2 4 2453
9 7 14 1 2 2 3 2 3 3 3 2493
9 7 14 1 2 2 5 2 2 2 3 1884
9 7 14 1 2 2 5 2 2 3 2 1891
9 7 14 1 2 2 5 2 3 2 2 1790
9 7 14 1 2 2 5 3 2 2 2 1832
9 7 14 1 2 3 2 2 2 2 5 1985
9 7 14 1 2 3 2 2 2 3 4 2246
9 7 14 1 2 3 2 2 2 4 3 2374
9 7 14 1 2 3 2 2 3 2 4 2454
9 7 14 1 2 3 4 2 2 2 3 2185
9 7 14 1 2 3 4 2 2 3 2 2179
9 7 14 1 2 3 4 2 3 2 2 2162
9 7 14 1 2 3 4 3 2 2 2 2122
9 7 14 1 2 4 3 2 2 2 3 2351
9 7 14 1 2 4 3 2 2 3 2 2349
9 7 14 1 2 4 3 2 3 2 2 2344
9 7 14 1 2 4 3 3 2 2 2 2264
9 7 14 1 2 5 2 2 2 2 3 1897
9 7 14 1 2 5 2 2 2 3 2 1883
9 7 14 1 2 5 2 2 3 2 2 1890
9 7 14 1 2 5 2 3 2 2 2 1789
9 7 14 1 3 2 2 2 2 2 5 1986
9 7 14 1 3 2 2 2 2 3 4 2247
9 7 14 1 3 2 4 2 2 2 3 2393
9 7 14 1 3 2 4 2 2 3 2 2401
9 7 14 1 3 2 4 2 3 2 2 2327
9 7 14 1 3 2 4 3 2 2 2 2353
9 7 14 1 3 3 3 2 2 2 3 2484
9 7 14 1 3 3 3 2 2 3 2 2482
9 7 14 1 3 3 3 2 3 2 2 2479
9 7 14 1 3 3 3 3 2 2 2 2473
9 7 14 1 3 4 2 2 2 2 3 2186
9 7 14 1 3 4 2 2 2 3 2 2184
9 7 14 1 3 4 2 2 3 2 2 2178
9 7 14 1 3 4 2 3 2 2 2 2161
9 7 14 1 4 2 3 2 2 2 3 2323
9 7 14 1 4 2 3 2 2 3 2 2320
9 7 14 1 4 2 3 2 3 2 2 2314
9 7 14 1 4 2 3 3 2 2 2 2302
9 7 14 1 4 3 2 2 2 2 3 2407
9 7 14 1 4 3 2 2 2 3 2 2418
9 7 14 1 4 3 2 2 3 2 2 2388
9 7 14 1 4 3 2 3 2 2 2 2417
9 7 14 1 5 2 2 2 2 2 3 1896
9 7 14 1 5 2 2 2 2 3 2 1902
9 7 14 1 5 2 2 2 3 2 2 1882
9 7 14 1 5 2 2 3 2 2 2 1901
9 8 15 2 2 2 2 2 2 2 5 1987
9 8 15 2 2 2 4 2 2 2 3 2394
9 8 15 2 2 2 4 2 2 3 2 2402
9 8 15 2 2 2 4 2 3 2 2 2328
9 8 15 2 2 2 4 3 2 2 2 2354
9 8 15 2 2 3 3 2 2 2 3 2519
9 8 15 2 2 3 3 2 2 3 2 2514
9 8 15 2 2 3 3 2 3 2 2 2504
9 8 15 2 2 3 3 3 2 2 2 2486
9 8 15 2 2 4 2 2 2 2 3 2413
9 8 15 2 2 4 2 2 2 3 2 2392
9 8 15 2 2 4 2 2 3 2 2 2400
9 8 15 2 2 4 2 3 2 2 2 2326
9 8 15 2 3 2 3 2 2 2 3 2547
9 8 15 2 3 2 3 2 2 3 2 2545
9 8 15 2 3 2 3 2 3 2 2 2542
9 8 15 2 3 2 3 3 2 2 2 2524
9 8 15 2 3 3 2 2 2 2 3 2520
9 8 15 2 3 3 2 2 2 3 2 2518
9 8 15 2 3 3 2 2 3 2 2 2513
9 8 15 2 3 3 2 3 2 2 2 2503
9 8 15 2 4 2 2 2 2 2 3 2411
9 8 15 2 4 2 2 2 2 3 2 2410
9 8 15 2 4 2 2 2 3 2 2 2391
9 8 15 2 4 2 2 3 2 2 2 2390
9 8 16 1 2 2 2 3 2 2 2 3 2568
9 8 16 1 2 2 2 3 2 2 3 2 2551
9 8 16 1 2 2 2 3 2 3 2 2 2559
9 8 16 1 2 2 2 3 3 2 2 2 2525
9 8 16 1 2 2 3 2 2 2 2 3 2565
9 8 16 1 2 2 3 2 2 2 3 2 2567
9 8 16 1 2 2 3 2 2 3 2 2 2550
9 8 16 1 2 2 3 2 3 2 2 2 2558
9 8 16 1 2 3 2 2 2 2 2 3 2570
9 8 16 1 2 3 2 2 2 2 3 2 2564
9 8 16 1 2 3 2 2 2 3 2 2 2566
9 8 16 1 2 3 2 2 3 2 2 2 2549
9 8 16 1 3 2 2 2 2 2 2 3 2569
9 8 16 1 3 2 2 2 2 2 3 2 2575
9 8 16 1 3 2 2 2 2 3 2 2 2563
9 8 16 1 3 2 2 2 3 2 2 2 2574
9 9 17 2 2 2 2 2 2 2 2 3 2581
9 9 17 2 2 2 2 2 2 2 3 2 2580
9 9 17 2 2 2 2 2 2 3 2 2 2579
9 9 17 2 2 2 2 2 3 2 2 2 2578
10 2 4 1 8 10 91
10 3 5 2 7 10 92
10 3 6 1 2 6 10 94
10 3 6 1 3 5 10 97
10 3 6 1 4 4 10 103
10 3 6 1 5 3 10 114
10 3 6 1 6 2 10 154
10 3 6 1 8 2 8 379
10 3 6 1 8 3 7 378
10 3 6 1 8 4 6 382
10 3 6 1 8 5 5 387
10 3 6 1 8 6 4 396
10 3 6 1 8 7 3 409
10 3 6 1 8 8 2 288
10 4 7 2 2 5 10 98
10 4 7 2 3 4 10 104
10 4 7 2 4 3 10 115
10 4 7 2 5 2 10 155
10 4 7 2 7 2 8 480
10 4 7 2 7 3 7 632
10 4 7 2 7 4 6 653
10 4 7 2 7 5 5 664
10 4 7 2 7 6 4 658
10 4 7 2 7 7 3 501
10 4 7 2 7 8 2 291
10 4 8 1 2 2 4 10 105
10 4 8 1 2 6 2 8 481
10 4 8 1 2 6 3 7 633
10 4 8 1 2 6 4 6 952
10 4 8 1 2 6 5 5 1083
10 4 8 1 2 6 6 4 848
10 4 8 1 2 6 7 3 510
10 4 8 1 2 6 8 2 297
10 4 8 1 3 5 2 8 482
10 4 8 1 3 5 3 7 634
10 4 8 1 3 5 4 6 953
10 4 8 1 3 5 5 5 1361
10 4 8 1 3 5 6 4 871
10 4 8 1 3 5 7 3 526
10 4 8 1 3 5 8 2 307
10 4 8 1 4 4 2 8 484
10 4 8 1 4 4 3 7 636
10 4 8 1 4 4 4 6 955
10 4 8 1 4 4 5 5 1402
10 4 8 1 4 4 6 4 913
10 4 8 1 4 4 7 3 554
10 4 8 1 4 4 8 2 326
10 4 8 1 5 3 2 8 487
10 4 8 1 5 3 3 7 639
10 4 8 1 5 3 4 6 958
10 4 8 1 5 3 5 5 1405
10 4 8 1 5 3 6 4 986
10 4 8 1 5 3 7 3 604
10 4 8 1 5 3 8 2 360
10 4 8 1 6 2 2 8 492
10 4 8 1 6 2 3 7 644
10 4 8 1 6 2 4 6 963
10 4 8 1 6 2 5 5 1097
10 4 8 1 6 2 6 4 1092
10 4 8 1 6 2 7 3 758
10 4 8 1 6 2 8 2 472
10 4 8 1 8 2 6 2 385
10 4 8 1 8 3 4 3 399
10 4 8 1 8 3 5 2 389
10 4 8 1 8 4 2 4 469
10 4 8 1 8 4 3 3 411
10 4 8 1 8 4 4 2 397
10 4 8 1 8 5 2 3 468
10 4 8 1 8 5 3 2 410
10 4 8 1 8 6 2 2 467
10 5 10 1 2 2 4 2 8 486
10 5 10 1 2 2 4 3 7 638
10 5 10 1 2 2 4 4 6 957
10 5 10 1 2 2 4 5 5 1404
10 5 10 1 2 2 4 6 4 915
10 5 10 1 2 2 4 7 3 556
10 5 10 1 2 2 4 8 2 328
10 5 10 1 2 3 3 2 8 489
10 5 10 1 2 3 3 3 7 641
10 5 10 1 2 3 3 4 6 960
10 5 10 1 2 3 3 5 5 1407
10 5 10 1 2 3 3 6 4 988
10 5 10 1 2 3 3 7 3 606
10 5 10 1 2 3 3 8 2 362
10 5 10 1 2 4 2 2 8 494
10 5 10 1 2 4 2 3 7 646
10 5 10 1 2 4 2 4 6 965
10 5 10 1 2 4 2 5 5 1411
10 5 10 1 2 4 2 6 4 1216
10 5 10 1 2 4 2 7 3 760
10 5 10 1 2 4 2 8 2 474
10 5 10 1 2 6 2 3 5 1171
10 5 10 1 2 6 2 4 4 1128
10 5 10 1 2 6 2 5 3 1102
10 5 10 1 2 6 2 6 2 1095
10 5 10 1 2 6 3 2 5 1222
10 5 10 1 2 6 3 3 4 1149
10 5 10 1 2 6 3 4 3 1120
10 5 10 1 2 6 3 5 2 1090
10 5 10 1 2 6 4 2 4 1208
10 5 10 1 2 6 4 3 3 1153
10 5 10 1 2 6 4 4 2 1114
10 5 10 1 2 6 5 2 3 1199
10 5 10 1 2 6 5 3 2 1161
10 5 10 1 2 6 6 2 2 856
10 5 10 1 3 2 3 2 8 490
10 5 10 1 3 2 3 3 7 642
10 5 10 1 3 2 3 4 6 961
10 5 10 1 3 2 3 5 5 1408
10 5 10 1 3 2 3 6 4 989
10 5 10 1 3 2 3 7 3 607
10 5 10 1 3 2 3 8 2 363
10 5 10 1 3 3 2 2 8 495
10 5 10 1 3 3 2 3 7 647
10 5 10 1 3 3 2 4 6 966
10 5 10 1 3 3 2 5 5 1412
10 5 10 1 3 3 2 6 4 1217
10 5 10 1 3 3 2 7 3 761
10 5 10 1 3 5 2 2 6 1342
10 5 10 1 3 5 2 3 5 1581
10 5 10 1 3 5 2 4 4 1574
10 5 10 1 3 5 2 5 3 1570
10 5 10 1 3 5 2 6 2 1302
10 5 10 1 3 5 3 2 5 1546
10 5 10 1 3 5 3 3 4 1539
10 5 10 1 3 5 3 4 3 1535
10 5 10 1 3 5 3 5 2 1533
10 5 10 1 3 5 4 2 4 1519
10 5 10 1 3 5 4 3 3 1515
10 5 10 1 3 5 4 4 2 1513
10 5 10 1 3 5 5 2 3 1387
10 5 10 1 3 5 5 3 2 1376
10 5 10 1 3 5 6 2 2 886
10 5 10 1 4 2 2 2 8 497
10 5 10 1 4 2 2 3 7 649
10 5 10 1 4 2 2 4 6 968
10 5 10 1 4 2 2 5 5 1414
10 5 10 1 4 2 2 6 4 1219
10 5 10 1 4 4 2 2 6 1344
10 5 10 1 4 4 2 3 5 1652
10 5 10 1 4 4 2 4 4 2032
10 5 10 1 4 4 2 5 3 1842
10 5 10 1 4 4 2 6 2 1304
10 5 10 1 4 4 3 2 5 1956
10 5 10 1 4 4 3 3 4 2009
10 5 10 1 4 4 3 4 3 2005
10 5 10 1 4 4 3 5 2 1616
10 5 10 1 4 4 4 2 4 1994
10 5 10 1 4 4 4 3 3 1990
10 5 10 1 4 4 4 4 2 1988
10 5 10 1 4 4 5 2 3 1461
10 5 10 1 4 4 5 3 2 1441
10 5 10 1 4 4 6 2 2 941
10 5 10 1 5 3 2 2 6 1347
10 5 10 1 5 3 2 3 5 1655
10 5 10 1 5 3 2 4 4 1861
10 5 10 1 5 3 2 5 3 1845
10 5 10 1 5 3 2 6 2 1307
10 5 10 1 5 3 3 2 5 1741
10 5 10 1 5 3 3 3 4 1734
10 5 10 1 5 3 3 4 3 1729
10 5 10 1 5 3 3 5 2 1619
10 5 10 1 5 3 4 2 4 1680
10 5 10 1 5 3 4 3 3 1677
10 5 10 1 5 3 4 4 2 1675
10 5 10 1 5 3 5 2 3 1589
10 5 10 1 5 3 5 3 2 1554
10 5 10 1 5 3 6 2 2 1036
10 5 10 1 6 2 2 2 6 1246
10 5 10 1 6 2 2 3 5 1248
10 5 10 1 6 2 2 4 4 1253
10 5 10 1 6 2 2 5 3 1261
10 5 10 1 6 2 2 6 2 1292
10 5 10 1 6 2 3 2 5 1181
10 5 10 1 6 2 3 3 4 1175
10 5 10 1 6 2 3 4 3 1172
10 5 10 1 6 2 3 5 2 1170
10 5 10 1 6 2 4 2 4 1135
10 5 10 1 6 2 4 3 3 1130
10 5 10 1 6 2 4 4 2 1127
10 5 10 1 6 2 5 2 3 1104
10 5 10 1 6 2 5 3 2 1101
10 5 10 1 6 2 6 2 2 1094
10 5 9 2 2 5 2 8 483
10 5 9 2 2 5 3 7 635
10 5 9 2 2 5 4 6 954
10 5 9 2 2 5 5 5 1362
10 5 9 2 2 5 6 4 872
10 5 9 2 2 5 7 3 527
10 5 9 2 2 5 8 2 308
10 5 9 2 3 4 2 8 485
10 5 9 2 3 4 3 7 637
10 5 9 2 3 4 4 6 956
10 5 9 2 3 4 5 5 1403
10 5 9 2 3 4 6 4 914
10 5 9 2 3 4 7 3 555
10 5 9 2 3 4 8 2 327
10 5 9 2 4 3 2 8 488
10 5 9 2 4 3 3 7 640
10 5 9 2 4 3 4 6 959
10 5 9 2 4 3 5 5 1406
10 5 9 2 4 3 6 4 987
10 5 9 2 4 3 7 3 605
10 5 9 2 4 3 8 2 361
10 5 9 2 5 2 2 8 493
10 5 9 2 5 2 3 7 645
10 5 9 2 5 2 4 6 964
10 5 9 2 5 2 5 5 1410
10 5 9 2 5 2 6 4 1215
10 5 9 2 5 2 7 3 759
10 5 9 2 5 2 8 2 473
10 5 9 2 7 2 5 3 672
10 5 9 2 7 2 6 2 661
10 5 9 2 7 3 3 4 703
10 5 9 2 7 3 4 3 683
10 5 9 2 7 3 5 2 668
10 5 9 2 7 4 2 4 692
10 5 9 2 7 4 3 3 689
10 5 9 2 7 4 4 2 679
10 5 9 2 7 5 2 3 673
10 5 9 2 7 5 3 2 671
10 5 9 2 7 6 2 2 660
10 6 11 2 2 2 3 2 8 491
10 6 11 2 2 2 3 3 7 643
10 6 11 2 2 2 3 4 6 962
10 6 11 2 2 2 3 5 5 1409
10 6 11 2 2 2 3 6 4 990
10 6 11 2 2 2 3 7 3 608
10 6 11 2 2 3 2 2 8 496
10 6 11 2 2 3 2 3 7 648
10 6 11 2 2 3 2 4 6 967
10 6 11 2 2 3 2 5 5 1413
10 6 11 2 2 3 2 6 4 1218
10 6 11 2 2 5 2 2 6 1343
10 6 11 2 2 5 2 3 5 1651
10 6 11 2 2 5 2 4 4 1703
10 6 11 2 2 5 2 5 3 1692
10 6 11 2 2 5 2 6 2 1303
10 6 11 2 2 5 3 2 5 1822
10 6 11 2 2 5 3 3 4 1732
10 6 11 2 2 5 3 4 3 1679
10 6 11 2 2 5 3 5 2 1615
10 6 11 2 2 5 4 2 4 1801
10 6 11 2 2 5 4 3 3 1738
10 6 11 2 2 5 4 4 2 1672
10 6 11 2 2 5 5 2 3 1388
10 6 11 2 2 5 5 3 2 1377
10 6 11 2 2 5 6 2 2 887
10 6 11 2 3 2 2 2 8 498
10 6 11 2 3 2 2 3 7 650
10 6 11 2 3 2 2 4 6 969
10 6 11 2 3 2 2 5 5 1415
10 6 11 2 3 4 2 2 6 1345
10 6 11 2 3 4 2 3 5 1653
10 6 11 2 3 4 2 4 4 2084
10 6 11 2 3 4 2 5 3 1843
10 6 11 2 3 4 2 6 2 1305
10 6 11 2 3 4 3 2 5 1957
10 6 11 2 3 4 3 3 4 2102
10 6 11 2 3 4 3 4 3 2096
10 6 11 2 3 4 3 5 2 1617
10 6 11 2 3 4 4 2 4 2036
10 6 11 2 3 4 4 3 3 2013
10 6 11 2 3 4 4 4 2 1998
10 6 11 2 3 4 5 2 3 1462
10 6 11 2 3 4 5 3 2 1442
10 6 11 2 3 4 6 2 2 942
10 6 11 2 4 3 2 2 6 1348
10 6 11 2 4 3 2 3 5 1656
10 6 11 2 4 3 2 4 4 2086
10 6 11 2 4 3 2 5 3 1846
10 6 11 2 4 3 2 6 2 1308
10 6 11 2 4 3 3 2 5 1959
10 6 11 2 4 3 3 3 4 2223
10 6 11 2 4 3 3 4 3 2133
10 6 11 2 4 3 3 5 2 1620
10 6 11 2 4 3 4 2 4 2149
10 6 11 2 4 3 4 3 3 2109
10 6 11 2 4 3 4 4 2 2065
10 6 11 2 4 3 5 2 3 1590
10 6 11 2 4 3 5 3 2 1555
10 6 11 2 4 3 6 2 2 1037
10 6 11 2 5 2 2 2 6 1352
10 6 11 2 5 2 2 3 5 1660
10 6 11 2 5 2 2 4 4 1862
10 6 11 2 5 2 2 5 3 1850
10 6 11 2 5 2 2 6 2 1312
10 6 11 2 5 2 3 2 5 1774
10 6 11 2 5 2 3 3 4 1765
10 6 11 2 5 2 3 4 3 1761
10 6 11 2 5 2 3 5 2 1624
10 6 11 2 5 2 4 2 4 1713
10 6 11 2 5 2 4 3 3 1706
10 6 11 2 5 2 4 4 2 1702
10 6 11 2 5 2 5 2 3 1694
10 6 11 2 5 2 5 3 2 1691
10 6 11 2 5 2 6 2 2 1293
10 6 12 1 2 2 2 2 2 8 499
10 6 12 1 2 2 2 2 3 7 651
10 6 12 1 2 2 4 2 2 6 1346
10 6 12 1 2 2 4 2 3 5 1654
10 6 12 1 2 2 4 2 4 4 2085
10 6 12 1 2 2 4 2 5 3 1844
10 6 12 1 2 2 4 2 6 2 1306
10 6 12 1 2 2 4 3 2 5 1958
10 6 12 1 2 2 4 3 3 4 2222
10 6 12 1 2 2 4 3 4 3 2132
10 6 12 1 2 2 4 3 5 2 1618
10 6 12 1 2 2 4 4 2 4 2037
10 6 12 1 2 2 4 4 3 3 2014
10 6 12 1 2 2 4 4 4 2 1999
10 6 12 1 2 2 4 5 2 3 1463
10 6 12 1 2 2 4 5 3 2 1443
10 6 12 1 2 2 4 6 2 2 943
10 6 12 1 2 3 3 2 2 6 1349
10 6 12 1 2 3 3 2 3 5 1657
10 6 12 1 2 3 3 2 4 4 2087
10 6 12 1 2 3 3 2 5 3 1847
10 6 12 1 2 3 3 2 6 2 1309
10 6 12 1 2 3 3 3 2 5 1960
10 6 12 1 2 3 3 3 3 4 2224
10 6 12 1 2 3 3 3 4 3 2134
10 6 12 1 2 3 3 3 5 2 1621
10 6 12 1 2 3 3 4 2 4 2150
10 6 12 1 2 3 3 4 3 3 2110
10 6 12 1 2 3 3 4 4 2 2066
10 6 12 1 2 3 3 5 2 3 1591
10 6 12 1 2 3 3 5 3 2 1556
10 6 12 1 2 3 3 6 2 2 1038
10 6 12 1 2 4 2 2 2 6 1353
10 6 12 1 2 4 2 2 3 5 1661
10 6 12 1 2 4 2 2 4 4 2090
10 6 12 1 2 4 2 2 5 3 1851
10 6 12 1 2 4 2 2 6 2 1313
10 6 12 1 2 4 2 3 2 5 1963
10 6 12 1 2 4 2 3 3 4 2227
10 6 12 1 2 4 2 3 4 3 2137
10 6 12 1 2 4 2 3 5 2 1625
10 6 12 1 2 4 2 4 2 4 2281
10 6 12 1 2 4 2 4 3 3 2269
10 6 12 1 2 4 2 4 4 2 2069
10 6 12 1 2 4 2 5 2 3 1794
10 6 12 1 2 4 2 5 3 2 1836
10 6 12 1 2 4 2 6 2 2 1294
10 6 12 1 2 6 3 3 2 2 1160
10 6 12 1 2 6 4 2 2 2 1210
10 6 12 1 3 2 3 2 2 6 1350
10 6 12 1 3 2 3 2 3 5 1658
10 6 12 1 3 2 3 2 4 4 2088
10 6 12 1 3 2 3 2 5 3 1848
10 6 12 1 3 2 3 2 6 2 1310
10 6 12 1 3 2 3 3 2 5 1961
10 6 12 1 3 2 3 3 3 4 2225
10 6 12 1 3 2 3 3 4 3 2135
10 6 12 1 3 2 3 3 5 2 1622
10 6 12 1 3 2 3 4 2 4 2151
10 6 12 1 3 2 3 4 3 3 2111
10 6 12 1 3 2 3 4 4 2 2067
10 6 12 1 3 2 3 5 2 3 1592
10 6 12 1 3 2 3 5 3 2 1557
10 6 12 1 3 2 3 6 2 2 1039
10 6 12 1 3 3 2 2 2 6 1354
10 6 12 1 3 3 2 2 3 5 1662
10 6 12 1 3 3 2 2 4 4 2091
10 6 12 1 3 3 2 2 5 3 1852
10 6 12 1 3 3 2 2 6 2 1314
10 6 12 1 3 3 2 3 2 5 1964
10 6 12 1 3 3 2 3 3 4 2228
10 6 12 1 3 3 2 3 4 3 2138
10 6 12 1 3 3 2 3 5 2 1626
10 6 12 1 3 3 2 4 2 4 2292
10 6 12 1 3 3 2 4 3 3 2270
10 6 12 1 3 3 2 4 4 2 2070
10 6 12 1 3 3 2 5 2 3 1795
10 6 12 1 3 3 2 5 3 2 1837
10 6 12 1 3 3 2 6 2 2 1295
10 6 12 1 3 5 2 4 2 2 1576
10 6 12 1 3 5 3 2 3 2 1548
10 6 12 1 3 5 3 3 2 2 1541
10 6 12 1 3 5 4 2 2 2 1521
10 6 12 1 4 2 2 2 2 6 1356
10 6 12 1 4 2 2 2 3 5 1664
10 6 12 1 4 2 2 2 4 4 2093
10 6 12 1 4 2 2 2 5 3 1854
10 6 12 1 4 2 2 2 6 2 1316
10 6 12 1 4 2 2 3 2 5 1966
10 6 12 1 4 2 2 3 3 4 2230
10 6 12 1 4 2 2 3 4 3 2140
10 6 12 1 4 2 2 3 5 2 1628
10 6 12 1 4 2 2 4 2 4 2294
10 6 12 1 4 2 2 4 3 3 2272
10 6 12 1 4 2 2 4 4 2 2072
10 6 12 1 4 2 2 5 2 3 1797
10 6 12 1 4 2 2 5 3 2 1839
10 6 12 1 4 2 2 6 2 2 1297
10 6 12 1 4 4 2 3 3 2 2039
10 6 12 1 4 4 2 4 2 2 2034
10 6 12 1 4 4 3 2 2 3 2018
10 6 12 1 4 4 3 2 3 2 2016
10 6 12 1 4 4 3 3 2 2 2011
10 6 12 1 4 4 4 2 2 2 1996
10 6 12 1 5 3 2 2 4 2 1866
10 6 12 1 5 3 2 3 2 3 1908
10 6 12 1 5 3 2 3 3 2 1871
10 6 12 1 5 3 2 4 2 2 1907
10 6 12 1 5 3 3 2 2 3 1746
10 6 12 1 5 3 3 2 3 2 1743
10 6 12 1 5 3 3 3 2 2 1736
10 6 12 1 5 3 4 2 2 2 1682
10 6 12 1 6 2 2 2 3 3 1265
10 6 12 1 6 2 2 2 4 2 1256
10 6 12 1 6 2 2 3 2 3 1284
10 6 12 1 6 2 2 3 3 2 1262
10 6 12 1 6 2 2 4 2 2 1283
10 6 12 1 6 2 3 2 2 3 1188
10 6 12 1 6 2 3 2 3 2 1185
10 6 12 1 6 2 3 3 2 2 1177
10 6 12 1 6 2 4 2 2 2 1139
10 7 13 2 2 2 3 2 2 6 1351
10 7 13 2 2 2 3 2 3 5 1659
10 7 13 2 2 2 3 2 4 4 2089
10 7 13 2 2 2 3 2 5 3 1849
10 7 13 2 2 2 3 2 6 2 1311
10 7 13 2 2 2 3 3 2 5 1962
10 7 13 2 2 2 3 3 3 4 2226
10 7 13 2 2 2 3 3 4 3 2136
10 7 13 2 2 2 3 3 5 2 1623
10 7 13 2 2 2 3 4 2 4 2152
10 7 13 2 2 2 3 4 3 3 2112
10 7 13 2 2 2 3 4 4 2 2068
10 7 13 2 2 2 3 5 2 3 1593
10 7 13 2 2 2 3 5 3 2 1558
10 7 13 2 2 2 3 6 2 2 1040
10 7 13 2 2 3 2 2 2 6 1355
10 7 13 2 2 3 2 2 3 5 1663
10 7 13 2 2 3 2 2 4 4 2092
10 7 13 2 2 3 2 2 5 3 1853
10 7 13 2 2 3 2 2 6 2 1315
10 7 13 2 2 3 2 3 2 5 1965
10 7 13 2 2 3 2 3 3 4 2229
10 7 13 2 2 3 2 3 4 3 2139
10 7 13 2 2 3 2 3 5 2 1627
10 7 13 2 2 3 2 4 2 4 2293
10 7 13 2 2 3 2 4 3 3 2271
10 7 13 2 2 3 2 4 4 2 2071
10 7 13 2 2 3 2 5 2 3 1796
10 7 13 2 2 3 2 5 3 2 1838
10 7 13 2 2 3 2 6 2 2 1296
10 7 13 2 2 5 2 3 3 2 1770
10 7 13 2 2 5 2 4 2 2 1721
10 7 13 2 2 5 3 2 2 3 1830
10 7 13 2 2 5 3 2 3 2 1826
10 7 13 2 2 5 3 3 2 2 1749
10 7 13 2 2 5 4 2 2 2 1805
10 7 13 2 3 2 2 2 2 6 1357
10 7 13 2 3 2 2 2 3 5 1665
10 7 13 2 3 2 2 2 4 4 2094
10 7 13 2 3 2 2 2 5 3 1855
10 7 13 2 3 2 2 2 6 2 1317
10 7 13 2 3 2 2 3 2 5 1967
10 7 13 2 3 2 2 3 3 4 2231
10 7 13 2 3 2 2 3 4 3 2141
10 7 13 2 3 2 2 3 5 2 1629
10 7 13 2 3 2 2 4 2 4 2295
10 7 13 2 3 2 2 4 3 3 2273
10 7 13 2 3 2 2 4 4 2 2073
10 7 13 2 3 2 2 5 2 3 1798
10 7 13 2 3 2 2 5 3 2 1840
10 7 13 2 3 2 2 6 2 2 1298
10 7 13 2 3 4 2 2 4 2 2173
10 7 13 2 3 4 2 3 2 3 2160
10 7 13 2 3 4 2 3 3 2 2156
10 7 13 2 3 4 2 4 2 2 2146
10 7 13 2 3 4 3 2 2 3 2120
10 7 13 2 3 4 3 2 3 2 2116
10 7 13 2 3 4 3 3 2 2 2106
10 7 13 2 3 4 4 2 2 2 2058
10 7 13 2 4 3 2 2 3 3 2319
10 7 13 2 4 3 2 2 4 2 2317
10 7 13 2 4 3 2 3 2 3 2313
10 7 13 2 4 3 2 3 3 2 2311
10 7 13 2 4 3 2 4 2 2 2308
10 7 13 2 4 3 3 2 2 3 2262
10 7 13 2 4 3 3 2 3 2 2259
10 7 13 2 4 3 3 3 2 2 2252
10 7 13 2 4 3 4 2 2 2 2190
10 7 13 2 5 2 2 2 2 4 1895
10 7 13 2 5 2 2 2 3 3 1880
10 7 13 2 5 2 2 2 4 2 1868
10 7 13 2 5 2 2 3 2 3 1881
10 7 13 2 5 2 2 3 3 2 1874
10 7 13 2 5 2 2 4 2 2 1867
10 7 13 2 5 2 3 2 2 3 1786
10 7 13 2 5 2 3 2 3 2 1781
10 7 13 2 5 2 3 3 2 2 1769
10 7 13 2 5 2 4 2 2 2 1720
10 7 14 1 2 2 2 2 2 2 6 1358
10 7 14 1 2 2 2 2 2 3 5 1666
10 7 14 1 2 2 2 2 2 4 4 2095
10 7 14 1 2 2 2 2 2 5 3 1856
10 7 14 1 2 2 2 2 2 6 2 1318
10 7 14 1 2 2 2 2 3 2 5 1968
10 7 14 1 2 2 2 2 3 3 4 2232
10 7 14 1 2 2 2 2 3 4 3 2142
10 7 14 1 2 2 2 2 3 5 2 1630
10 7 14 1 2 2 2 2 4 2 4 2296
10 7 14 1 2 2 2 2 4 3 3 2274
10 7 14 1 2 2 2 2 4 4 2 2074
10 7 14 1 2 2 2 2 5 2 3 1799
10 7 14 1 2 2 2 2 5 3 2 1841
10 7 14 1 2 2 4 2 2 2 4 2379
10 7 14 1 2 2 4 2 2 3 3 2384
10 7 14 1 2 2 4 2 2 4 2 2396
10 7 14 1 2 2 4 2 3 2 3 2316
10 7 14 1 2 2 4 2 3 3 2 2304
10 7 14 1 2 2 4 2 4 2 2 2289
10 7 14 1 2 2 4 3 2 2 3 2350
10 7 14 1 2 2 4 3 2 3 2 2345
10 7 14 1 2 2 4 3 3 2 2 2265
10 7 14 1 2 2 4 4 2 2 2 2059
10 7 14 1 2 3 3 2 2 2 4 2462
10 7 14 1 2 3 3 2 2 3 3 2511
10 7 14 1 2 3 3 2 2 4 2 2441
10 7 14 1 2 3 3 2 3 2 3 2501
10 7 14 1 2 3 3 2 3 3 2 2498
10 7 14 1 2 3 3 2 4 2 2 2429
10 7 14 1 2 3 3 3 2 2 3 2483
10 7 14 1 2 3 3 3 2 3 2 2480
10 7 14 1 2 3 3 3 3 2 2 2474
10 7 14 1 2 3 3 4 2 2 2 2191
10 7 14 1 2 4 2 2 2 2 4 2412
10 7 14 1 2 4 2 2 2 3 3 2386
10 7 14 1 2 4 2 2 2 4 2 2378
10 7 14 1 2 4 2 2 3 2 3 2399
10 7 14 1 2 4 2 2 3 3 2 2383
10 7 14 1 2 4 2 2 4 2 2 2395
10 7 14 1 2 4 2 3 2 2 3 2321
10 7 14 1 2 4 2 3 2 3 2 2315
10 7 14 1 2 4 2 3 3 2 2 2303
10 7 14 1 2 4 2 4 2 2 2 2288
10 7 14 1 3 2 3 2 2 2 4 2463
10 7 14 1 3 2 3 2 2 3 3 2537
10 7 14 1 3 2 3 2 2 4 2 2442
10 7 14 1 3 2 3 2 3 2 3 2555
10 7 14 1 3 2 3 2 3 3 2 2529
10 7 14 1 3 2 3 2 4 2 2 2430
10 7 14 1 3 2 3 3 2 2 3 2515
10 7 14 1 3 2 3 3 2 3 2 2505
10 7 14 1 3 2 3 3 3 2 2 2487
10 7 14 1 3 2 3 4 2 2 2 2192
10 7 14 1 3 3 2 2 2 2 4 2465
10 7 14 1 3 3 2 2 2 3 3 2517
10 7 14 1 3 3 2 2 2 4 2 2444
10 7 14 1 3 3 2 2 3 2 3 2512
10 7 14 1 3 3 2 2 3 3 2 2510
10 7 14 1 3 3 2 2 4 2 2 2432
10 7 14 1 3 3 2 3 2 2 3 2502
10 7 14 1 3 3 2 3 2 3 2 2500
10 7 14 1 3 3 2 3 3 2 2 2497
10 7 14 1 3 3 2 4 2 2 2 2425
10 7 14 1 4 2 2 2 2 2 4 2406
10 7 14 1 4 2 2 2 2 3 3 2409
10 7 14 1 4 2 2 2 2 4 2 2421
10 7 14 1 4 2 2 2 3 2 3 2389
10 7 14 1 4 2 2 2 3 3 2 2385
10 7 14 1 4 2 2 2 4 2 2 2377
10 7 14 1 4 2 2 3 2 2 3 2408
10 7 14 1 4 2 2 3 2 3 2 2420
10 7 14 1 4 2 2 3 3 2 2 2382
10 7 14 1 4 2 2 4 2 2 2 2419
10 8 15 2 2 2 3 2 2 2 4 2464
10 8 15 2 2 2 3 2 2 3 3 2538
10 8 15 2 2 2 3 2 2 4 2 2443
10 8 15 2 2 2 3 2 3 2 3 2556
10 8 15 2 2 2 3 2 3 3 2 2530
10 8 15 2 2 2 3 2 4 2 2 2431
10 8 15 2 2 2 3 3 2 2 3 2516
10 8 15 2 2 2 3 3 2 3 2 2506
10 8 15 2 2 2 3 3 3 2 2 2488
10 8 15 2 2 2 3 4 2 2 2 2193
10 8 15 2 2 3 2 2 2 2 4 2466
10 8 15 2 2 3 2 2 2 3 3 2539
10 8 15 2 2 3 2 2 2 4 2 2445
10 8 15 2 2 3 2 2 3 2 3 2544
10 8 15 2 2 3 2 2 3 3 2 2531
10 8 15 2 2 3 2 2 4 2 2 2433
10 8 15 2 2 3 2 3 2 2 3 2552
10 8 15 2 2 3 2 3 2 3 2 2554
10 8 15 2 2 3 2 3 3 2 2 2526
10 8 15 2 2 3 2 4 2 2 2 2426
10 8 15 2 3 2 2 2 2 2 4 2467
10 8 15 2 3 2 2 2 2 3 3 2540
10 8 15 2 3 2 2 2 2 4 2 2446
10 8 15 2 3 2 2 2 3 2 3 2561
10 8 15 2 3 2 2 2 3 3 2 2532
10 8 15 2 3 2 2 2 4 2 2 2434
10 8 15 2 3 2 2 3 2 2 3 2546
10 8 15 2 3 2 2 3 2 3 2 2543
10 8 15 2 3 2 2 3 3 2 2 2527
10 8 15 2 3 2 2 4 2 2 2 2427
10 8 16 1 2 2 2 2 2 2 2 4 2468
10 8 16 1 2 2 2 2 2 2 3 3 2541
10 8 16 1 2 2 2 2 2 2 4 2 2447
10 8 16 1 2 2 2 2 2 3 2 3 2562
10 8 16 1 2 2 2 2 2 3 3 2 2533
10 8 16 1 2 2 2 2 2 4 2 2 2435
10 8 16 1 2 2 2 2 3 2 2 3 2553
10 8 16 1 2 2 2 2 3 2 3 2 2560
10 8 16 1 2 2 2 2 3 3 2 2 2528
10 8 16 1 2 2 2 2 4 2 2 2 2428
10 8 16 1 2 4 2 2 2 2 2 2 2414
10 8 16 1 3 2 3 2 2 2 2 2 2573
10 8 16 1 3 3 2 2 2 2 2 2 2521
10 8 16 1 4 2 2 2 2 2 2 2 2415
10 9 17 2 2 2 3 2 2 2 2 2 2576
10 9 17 2 2 3 2 2 2 2 2 2 2572
10 9 17 2 3 2 2 2 2 2 2 2 2571
10 9 18 1 2 2 2 2 2 2 2 2 2 2582
11 2 4 1 7 11 50
11 3 5 2 6 11 51
11 3 6 1 2 5 11 53
11 3 6 1 3 4 11 56
11 3 6 1 4 3 11 62
11 3 6 1 5 2 11 85
11 3 6 1 7 2 9 275
11 3 6 1 7 3 8 365
11 3 6 1 7 4 7 570
11 3 6 1 7 5 6 652
11 3 6 1 7 6 5 663
11 3 6 1 7 7 4 500
11 3 6 1 7 8 3 290
11 3 6 1 7 9 2 165
11 4 7 2 2 4 11 57
11 4 7 2 3 3 11 63
11 4 7 2 4 2 11 86
11 4 7 2 6 2 9 276
11 4 7 2 6 3 8 366
11 4 7 2 6 4 7 571
11 4 7 2 6 5 6 893
11 4 7 2 6 6 5 846
11 4 7 2 6 7 4 508
11 4 7 2 6 8 3 295
11 4 7 2 6 9 2 168
11 4 8 1 2 2 3 11 64
11 4 8 1 2 3 2 11 87
11 4 8 1 2 5 2 9 277
11 4 8 1 2 5 3 8 367
11 4 8 1 2 5 4 7 572
11 4 8 1 2 5 5 6 894
11 4 8 1 2 5 6 5 868
11 4 8 1 2 5 7 4 523
11 4 8 1 2 5 8 3 304
11 4 8 1 2 5 9 2 174
11 4 8 1 3 4 2 9 278
11 4 8 1 3 4 3 8 368
11 4 8 1 3 4 4 7 573
11 4 8 1 3 4 5 6 895
11 4 8 1 3 4 6 5 907
11 4 8 1 3 4 7 4 548
11 4 8 1 3 4 8 3 320
11 4 8 1 3 4 9 2 184
11 4 8 1 4 3 2 9 280
11 4 8 1 4 3 3 8 370
11 4 8 1 4 3 4 7 575
11 4 8 1 4 3 5 6 897
11 4 8 1 4 3 6 5 975
11 4 8 1 4 3 7 4 593
11 4 8 1 4 3 8 3 349
11 4 8 1 4 3 9 2 203
11 4 8 1 5 2 2 9 283
11 4 8 1 5 2 3 8 373
11 4 8 1 5 2 4 7 578
11 4 8 1 5 2 5 6 900
11 4 8 1 5 2 6 5 1203
11 4 8 1 5 2 7 4 746
11 4 8 1 5 2 8 3 445
11 4 8 1 5 2 9 2 269
11 4 8 1 7 4 5 2 665
11 4 8 1 7 5 3 3 700
11 4 8 1 7 5 4 2 677
11 4 8 1 7 6 2 3 798
11 4 8 1 7 6 3 2 699
11 4 8 1 7 7 2 2 502
11 5 10 1 2 2 3 2 9 282
11 5 10 1 2 2 3 3 8 372
11 5 10 1 2 2 3 4 7 577
11 5 10 1 2 2 3 5 6 899
11 5 10 1 2 2 3 6 5 977
11 5 10 1 2 2 3 7 4 595
11 5 10 1 2 2 3 8 3 351
11 5 10 1 2 2 3 9 2 205
11 5 10 1 2 3 2 2 9 285
11 5 10 1 2 3 2 3 8 375
11 5 10 1 2 3 2 4 7 580
11 5 10 1 2 3 2 5 6 902
11 5 10 1 2 3 2 6 5 1205
11 5 10 1 2 3 2 7 4 748
11 5 10 1 2 3 2 8 3 447
11 5 10 1 2 3 2 9 2 271
11 5 10 1 2 5 2 6 3 1235
11 5 10 1 2 5 2 7 2 804
11 5 10 1 2 5 3 4 4 1676
11 5 10 1 2 5 3 5 3 1559
11 5 10 1 2 5 3 6 2 1042
11 5 10 1 2 5 4 2 5 1800
11 5 10 1 2 5 4 3 4 1731
11 5 10 1 2 5 4 4 3 1669
11 5 10 1 2 5 4 5 2 1477
11 5 10 1 2 5 5 2 4 1384
11 5 10 1 2 5 5 3 3 1373
11 5 10 1 2 5 5 4 2 1366
11 5 10 1 2 5 6 2 3 883
11 5 10 1 2 5 6 3 2 876
11 5 10 1 2 5 7 2 2 531
11 5 10 1 3 2 2 2 9 286
11 5 10 1 3 2 2 3 8 376
11 5 10 1 3 2 2 4 7 581
11 5 10 1 3 2 2 5 6 903
11 5 10 1 3 2 2 6 5 1206
11 5 10 1 3 2 2 7 4 749
11 5 10 1 3 2 2 8 3 448
11 5 10 1 3 2 2 9 2 272
11 5 10 1 3 4 2 5 4 1812
11 5 10 1 3 4 2 6 3 1236
11 5 10 1 3 4 2 7 2 805
11 5 10 1 3 4 3 3 5 1641
11 5 10 1 3 4 3 4 4 2075
11 5 10 1 3 4 3 5 3 1560
11 5 10 1 3 4 3 6 2 1043
11 5 10 1 3 4 4 2 5 1947
11 5 10 1 3 4 4 3 4 2007
11 5 10 1 3 4 4 4 3 1992
11 5 10 1 3 4 4 5 2 1478
11 5 10 1 3 4 5 2 4 1455
11 5 10 1 3 4 5 3 3 1435
11 5 10 1 3 4 5 4 2 1423
11 5 10 1 3 4 6 2 3 935
11 5 10 1 3 4 6 3 2 922
11 5 10 1 3 4 7 2 2 563
11 5 10 1 4 3 2 4 5 1505
11 5 10 1 4 3 2 5 4 1814
11 5 10 1 4 3 2 6 3 1238
11 5 10 1 4 3 2 7 2 807
11 5 10 1 4 3 3 2 6 1334
11 5 10 1 4 3 3 3 5 1643
11 5 10 1 4 3 3 4 4 2077
11 5 10 1 4 3 3 5 3 1562
11 5 10 1 4 3 3 6 2 1045
11 5 10 1 4 3 4 2 5 1949
11 5 10 1 4 3 4 3 4 2099
11 5 10 1 4 3 4 4 3 2025
11 5 10 1 4 3 4 5 2 1480
11 5 10 1 4 3 5 2 4 1578
11 5 10 1 4 3 5 3 3 1543
11 5 10 1 4 3 5 4 2 1523
11 5 10 1 4 3 6 2 3 1025
11 5 10 1 4 3 6 3 2 1003
11 5 10 1 4 3 7 2 2 621
11 5 10 1 5 2 2 3 6 1077
11 5 10 1 5 2 2 4 5 1508
11 5 10 1 5 2 2 5 4 1817
11 5 10 1 5 2 2 6 3 1241
11 5 10 1 5 2 2 7 2 810
11 5 10 1 5 2 3 2 6 1337
11 5 10 1 5 2 3 3 5 1646
11 5 10 1 5 2 3 4 4 1760
11 5 10 1 5 2 3 5 3 1565
11 5 10 1 5 2 3 6 2 1048
11 5 10 1 5 2 4 2 5 1711
11 5 10 1 5 2 4 3 4 1704
11 5 10 1 5 2 4 4 3 1701
11 5 10 1 5 2 4 5 2 1483
11 5 10 1 5 2 5 2 4 1693
11 5 10 1 5 2 5 3 3 1690
11 5 10 1 5 2 5 4 2 1688
11 5 10 1 5 2 6 2 3 1194
11 5 10 1 5 2 6 3 2 1230
11 5 10 1 5 2 7 2 2 793
11 5 9 2 2 4 2 9 279
11 5 9 2 2 4 3 8 369
11 5 9 2 2 4 4 7 574
11 5 9 2 2 4 5 6 896
11 5 9 2 2 4 6 5 908
11 5 9 2 2 4 7 4 549
11 5 9 2 2 4 8 3 321
11 5 9 2 2 4 9 2 185
11 5 9 2 3 3 2 9 281
11 5 9 2 3 3 3 8 371
11 5 9 2 3 3 4 7 576
11 5 9 2 3 3 5 6 898
11 5 9 2 3 3 6 5 976
11 5 9 2 3 3 7 4 594
11 5 9 2 3 3 8 3 350
11 5 9 2 3 3 9 2 204
11 5 9 2 4 2 2 9 284
11 5 9 2 4 2 3 8 374
11 5 9 2 4 2 4 7 579
11 5 9 2 4 2 5 6 901
11 5 9 2 4 2 6 5 1204
11 5 9 2 4 2 7 4 747
11 5 9 2 4 2 8 3 446
11 5 9 2 4 2 9 2 270
11 5 9 2 6 3 6 2 1041
11 5 9 2 6 4 4 3 1112
11 5 9 2 6 4 5 2 1085
11 5 9 2 6 5 2 4 1103
11 5 9 2 6 5 3 3 1100
11 5 9 2 6 5 4 2 1098
11 5 9 2 6 6 2 3 854
11 5 9 2 6 6 3 2 850
11 5 9 2 6 7 2 2 512
11 6 11 2 2 2 2 2 9 287
11 6 11 2 2 2 2 3 8 377
11 6 11 2 2 2 2 4 7 582
11 6 11 2 2 2 2 5 6 904
11 6 11 2 2 2 2 6 5 1207
11 6 11 2 2 2 2 7 4 750
11 6 11 2 2 2 2 8 3 449
11 6 11 2 2 2 2 9 2 273
11 6 11 2 2 4 2 4 5 1504
11 6 11 2 2 4 2 5 4 1813
11 6 11 2 2 4 2 6 3 1237
11 6 11 2 2 4 2 7 2 806
11 6 11 2 2 4 3 2 6 1333
11 6 11 2 2 4 3 3 5 1642
11 6 11 2 2 4 3 4 4 2076
11 6 11 2 2 4 3 5 3 1561
11 6 11 2 2 4 3 6 2 1044
11 6 11 2 2 4 4 2 5 1948
11 6 11 2 2 4 4 3 4 2008
11 6 11 2 2 4 4 4 3 1993
11 6 11 2 2 4 4 5 2 1479
11 6 11 2 2 4 5 2 4 1456
11 6 11 2 2 4 5 3 3 1436
11 6 11 2 2 4 5 4 2 1424
11 6 11 2 2 4 6 2 3 936
11 6 11 2 2 4 6 3 2 923
11 6 11 2 2 4 7 2 2 564
11 6 11 2 3 3 2 3 6 1075
11 6 11 2 3 3 2 4 5 1506
11 6 11 2 3 3 2 5 4 1815
11 6 11 2 3 3 2 6 3 1239
11 6 11 2 3 3 2 7 2 808
11 6 11 2 3 3 3 2 6 1335
11 6 11 2 3 3 3 3 5 1644
11 6 11 2 3 3 3 4 4 2078
11 6 11 2 3 3 3 5 3 1563
11 6 11 2 3 3 3 6 2 1046
11 6 11 2 3 3 4 2 5 1950
11 6 11 2 3 3 4 3 4 2100
11 6 11 2 3 3 4 4 3 2026
11 6 11 2 3 3 4 5 2 1481
11 6 11 2 3 3 5 2 4 1579
11 6 11 2 3 3 5 3 3 1544
11 6 11 2 3 3 5 4 2 1524
11 6 11 2 3 3 6 2 3 1026
11 6 11 2 3 3 6 3 2 1004
11 6 11 2 3 3 7 2 2 622
11 6 11 2 4 2 2 2 7 841
11 6 11 2 4 2 2 3 6 1078
11 6 11 2 4 2 2 4 5 1509
11 6 11 2 4 2 2 5 4 1818
11 6 11 2 4 2 2 6 3 1242
11 6 11 2 4 2 2 7 2 811
11 6 11 2 4 2 3 2 6 1338
11 6 11 2 4 2 3 3 5 1647
11 6 11 2 4 2 3 4 4 2080
11 6 11 2 4 2 3 5 3 1566
11 6 11 2 4 2 3 6 2 1049
11 6 11 2 4 2 4 2 5 1952
11 6 11 2 4 2 4 3 4 2218
11 6 11 2 4 2 4 4 3 2028
11 6 11 2 4 2 4 5 2 1484
11 6 11 2 4 2 5 2 4 1724
11 6 11 2 4 2 5 3 3 1756
11 6 11 2 4 2 5 4 2 1808
11 6 11 2 4 2 6 2 3 1195
11 6 11 2 4 2 6 3 2 1231
11 6 11 2 4 2 7 2 2 794
11 6 12 1 2 2 3 2 2 7 839
11 6 12 1 2 2 3 2 3 6 1076
11 6 12 1 2 2 3 2 4 5 1507
11 6 12 1 2 2 3 2 5 4 1816
11 6 12 1 2 2 3 2 6 3 1240
11 6 12 1 2 2 3 2 7 2 809
11 6 12 1 2 2 3 3 2 6 1336
11 6 12 1 2 2 3 3 3 5 1645
11 6 12 1 2 2 3 3 4 4 2079
11 6 12 1 2 2 3 3 5 3 1564
11 6 12 1 2 2 3 3 6 2 1047
11 6 12 1 2 2 3 4 2 5 1951
11 6 12 1 2 2 3 4 3 4 2101
11 6 12 1 2 2 3 4 4 3 2027
11 6 12 1 2 2 3 4 5 2 1482
11 6 12 1 2 2 3 5 2 4 1580
11 6 12 1 2 2 3 5 3 3 1545
11 6 12 1 2 2 3 5 4 2 1525
11 6 12 1 2 2 3 6 2 3 1027
11 6 12 1 2 2 3 6 3 2 1005
11 6 12 1 2 2 3 7 2 2 623
11 6 12 1 2 3 2 2 2 7 842
11 6 12 1 2 3 2 2 3 6 1079
11 6 12 1 2 3 2 2 4 5 1510
11 6 12 1 2 3 2 2 5 4 1819
11 6 12 1 2 3 2 2 6 3 1243
11 6 12 1 2 3 2 2 7 2 812
11 6 12 1 2 3 2 3 2 6 1339
11 6 12 1 2 3 2 3 3 5 1648
11 6 12 1 2 3 2 3 4 4 2081
11 6 12 1 2 3 2 3 5 3 1567
11 6 12 1 2 3 2 3 6 2 1050
11 6 12 1 2 3 2 4 2 5 1953
11 6 12 1 2 3 2 4 3 4 2219
11 6 12 1 2 3 2 4 4 3 2029
11 6 12 1 2 3 2 4 5 2 1485
11 6 12 1 2 3 2 5 2 4 1725
11 6 12 1 2 3 2 5 3 3 1757
11 6 12 1 2 3 2 5 4 2 1809
11 6 12 1 2 3 2 6 2 3 1196
11 6 12 1 2 3 2 6 3 2 1232
11 6 12 1 2 3 2 7 2 2 795
11 6 12 1 2 5 5 2 2 2 1392
11 6 12 1 3 2 2 2 2 7 843
11 6 12 1 3 2 2 2 3 6 1080
11 6 12 1 3 2 2 2 4 5 1511
11 6 12 1 3 2 2 2 5 4 1820
11 6 12 1 3 2 2 2 6 3 1244
11 6 12 1 3 2 2 2 7 2 813
11 6 12 1 3 2 2 3 2 6 1340
11 6 12 1 3 2 2 3 3 5 1649
11 6 12 1 3 2 2 3 4 4 2082
11 6 12 1 3 2 2 3 5 3 1568
11 6 12 1 3 2 2 3 6 2 1051
11 6 12 1 3 2 2 4 2 5 1954
11 6 12 1 3 2 2 4 3 4 2220
11 6 12 1 3 2 2 4 4 3 2030
11 6 12 1 3 2 2 4 5 2 1486
11 6 12 1 3 2 2 5 2 4 1726
11 6 12 1 3 2 2 5 3 3 1758
11 6 12 1 3 2 2 5 4 2 1810
11 6 12 1 3 2 2 6 2 3 1197
11 6 12 1 3 2 2 6 3 2 1233
11 6 12 1 3 2 2 7 2 2 796
11 6 12 1 3 4 4 3 2 2 2020
11 6 12 1 3 4 5 2 2 2 1470
11 6 12 1 4 3 3 4 2 2 2195
11 6 12 1 4 3 4 2 3 2 2163
11 6 12 1 4 3 4 3 2 2 2123
11 6 12 1 4 3 5 2 2 2 1605
11 6 12 1 5 2 2 5 2 2 1910
11 6 12 1 5 2 3 3 3 2 1766
11 6 12 1 5 2 3 4 2 2 1762
11 6 12 1 5 2 4 2 2 3 1718
11 6 12 1 5 2 4 2 3 2 1715
11 6 12 1 5 2 4 3 2 2 1708
11 6 12 1 5 2 5 2 2 2 1695
11 7 13 2 2 2 2 2 2 7 844
11 7 13 2 2 2 2 2 3 6 1081
11 7 13 2 2 2 2 2 4 5 1512
11 7 13 2 2 2 2 2 5 4 1821
11 7 13 2 2 2 2 2 6 3 1245
11 7 13 2 2 2 2 2 7 2 814
11 7 13 2 2 2 2 3 2 6 1341
11 7 13 2 2 2 2 3 3 5 1650
11 7 13 2 2 2 2 3 4 4 2083
11 7 13 2 2 2 2 3 5 3 1569
11 7 13 2 2 2 2 3 6 2 1052
11 7 13 2 2 2 2 4 2 5 1955
11 7 13 2 2 2 2 4 3 4 2221
11 7 13 2 2 2 2 4 4 3 2031
11 7 13 2 2 2 2 4 5 2 1487
11 7 13 2 2 2 2 5 2 4 1727
11 7 13 2 2 2 2 5 3 3 1759
11 7 13 2 2 2 2 5 4 2 1811
11 7 13 2 2 2 2 6 2 3 1198
11 7 13 2 2 2 2 6 3 2 1234
11 7 13 2 2 2 2 7 2 2 797
11 7 13 2 2 4 3 4 2 2 2194
11 7 13 2 2 4 4 2 3 2 2044
11 7 13 2 2 4 4 3 2 2 2021
11 7 13 2 2 4 5 2 2 2 1471
11 7 13 2 3 3 2 5 2 2 1922
11 7 13 2 3 3 3 3 3 2 2470
11 7 13 2 3 3 3 4 2 2 2196
11 7 13 2 3 3 4 2 2 3 2181
11 7 13 2 3 3 4 2 3 2 2164
11 7 13 2 3 3 4 3 2 2 2124
11 7 13 2 3 3 5 2 2 2 1606
11 7 13 2 4 2 2 4 3 2 2361
11 7 13 2 4 2 2 5 2 2 1924
11 7 13 2 4 2 3 2 4 2 2309
11 7 13 2 4 2 3 3 2 3 2301
11 7 13 2 4 2 3 3 3 2 2298
11 7 13 2 4 2 3 4 2 2 2198
11 7 13 2 4 2 4 2 2 3 2286
11 7 13 2 4 2 4 2 3 2 2283
11 7 13 2 4 2 4 3 2 2 2276
11 7 13 2 4 2 5 2 2 2 1914
11 7 14 1 2 2 3 2 3 4 2 2213
11 7 14 1 2 2 3 2 4 2 3 2334
11 7 14 1 2 2 3 2 4 3 2 2360
11 7 14 1 2 2 3 2 5 2 2 1923
11 7 14 1 2 2 3 3 2 3 3 2499
11 7 14 1 2 2 3 3 2 4 2 2437
11 7 14 1 2 2 3 3 3 2 3 2481
11 7 14 1 2 2 3 3 3 3 2 2475
11 7 14 1 2 2 3 3 4 2 2 2197
11 7 14 1 2 2 3 4 2 2 3 2182
11 7 14 1 2 2 3 4 2 3 2 2165
11 7 14 1 2 2 3 4 3 2 2 2125
11 7 14 1 2 2 3 5 2 2 2 1607
11 7 14 1 2 3 2 2 2 5 2 1944
11 7 14 1 2 3 2 2 3 3 3 2494
11 7 14 1 2 3 2 2 3 4 2 2215
11 7 14 1 2 3 2 2 4 2 3 2336
11 7 14 1 2 3 2 2 4 3 2 2362
11 7 14 1 2 3 2 2 5 2 2 1925
11 7 14 1 2 3 2 3 2 2 4 2459
11 7 14 1 2 3 2 3 2 3 3 2534
11 7 14 1 2 3 2 3 2 4 2 2438
11 7 14 1 2 3 2 3 3 2 3 2507
11 7 14 1 2 3 2 3 3 3 2 2489
11 7 14 1 2 3 2 3 4 2 2 2199
11 7 14 1 2 3 2 4 2 2 3 2403
11 7 14 1 2 3 2 4 2 3 2 2329
11 7 14 1 2 3 2 4 3 2 2 2355
11 7 14 1 2 3 2 5 2 2 2 1915
11 7 14 1 3 2 2 2 2 4 3 2375
11 7 14 1 3 2 2 2 2 5 2 1945
11 7 14 1 3 2 2 2 3 2 4 2455
11 7 14 1 3 2 2 2 3 3 3 2495
11 7 14 1 3 2 2 2 3 4 2 2216
11 7 14 1 3 2 2 2 4 2 3 2337
11 7 14 1 3 2 2 2 4 3 2 2363
11 7 14 1 3 2 2 2 5 2 2 1926
11 7 14 1 3 2 2 3 2 2 4 2460
11 7 14 1 3 2 2 3 2 3 3 2535
11 7 14 1 3 2 2 3 2 4 2 2439
11 7 14 1 3 2 2 3 3 2 3 2508
11 7 14 1 3 2 2 3 3 3 2 2490
11 7 14 1 3 2 2 3 4 2 2 2200
11 7 14 1 3 2 2 4 2 2 3 2404
11 7 14 1 3 2 2 4 2 3 2 2330
11 7 14 1 3 2 2 4 3 2 2 2356
11 7 14 1 3 2 2 5 2 2 2 1916
11 8 15 2 2 2 2 2 2 3 4 2248
11 8 15 2 2 2 2 2 2 4 3 2376
11 8 15 2 2 2 2 2 2 5 2 1946
11 8 15 2 2 2 2 2 3 2 4 2456
11 8 15 2 2 2 2 2 3 3 3 2496
11 8 15 2 2 2 2 2 3 4 2 2217
11 8 15 2 2 2 2 2 4 2 3 2338
11 8 15 2 2 2 2 2 4 3 2 2364
11 8 15 2 2 2 2 2 5 2 2 1927
11 8 15 2 2 2 2 3 2 2 4 2461
11 8 15 2 2 2 2 3 2 3 3 2536
11 8 15 2 2 2 2 3 2 4 2 2440
11 8 15 2 2 2 2 3 3 2 3 2509
11 8 15 2 2 2 2 3 3 3 2 2491
11 8 15 2 2 2 2 3 4 2 2 2201
11 8 15 2 2 2 2 4 2 2 3 2405
11 8 15 2 2 2 2 4 2 3 2 2331
11 8 15 2 2 2 2 4 3 2 2 2357
11 8 15 2 2 2 2 5 2 2 2 1917
11 9 17 2 2 2 2 3 2 2 2 2 2577
12 2 4 1 6 12 27
12 3 5 2 5 12 28
12 3 6 1 2 4 12 30
12 3 6 1 3 3 12 33
12 3 6 1 4 2 12 46
12 3 6 1 6 10 2 93
12 3 6 1 6 4 8 329
12 3 6 1 6 5 7 535
12 3 6 1 6 6 6 845
12 3 6 1 6 7 5 507
12 3 6 1 6 8 4 294
12 3 6 1 6 9 3 167
12 4 7 2 2 3 12 34
12 4 7 2 3 2 12 47
12 4 7 2 5 10 2 96
12 4 7 2 5 3 9 207
12 4 7 2 5 4 8 330
12 4 7 2 5 5 7 536
12 4 7 2 5 6 6 860
12 4 7 2 5 7 5 521
12 4 7 2 5 8 4 302
12 4 7 2 5 9 3 172
12 4 8 1 2 2 2 12 48
12 4 8 1 2 4 10 2 102
12 4 8 1 2 4 2 10 156
12 4 8 1 2 4 3 9 208
12 4 8 1 2 4 4 8 331
12 4 8 1 2 4 5 7 537
12 4 8 1 2 4 6 6 861
12 4 8 1 2 4 7 5 545
12 4 8 1 2 4 8 4 317
12 4 8 1 2 4 9 3 181
12 4 8 1 3 3 10 2 112
12 4 8 1 3 3 2 10 157
12 4 8 1 3 3 3 9 209
12 4 8 1 3 3 4 8 332
12 4 8 1 3 3 5 7 538
12 4 8 1 3 3 6 6 862
12 4 8 1 3 3 7 5 587
12 4 8 1 3 3 8 4 343
12 4 8 1 3 3 9 3 197
12 4 8 1 4 2 10 2 150
12 4 8 1 4 2 2 10 159
12 4 8 1 4 2 3 9 211
12 4 8 1 4 2 4 8 334
12 4 8 1 4 2 5 7 540
12 4 8 1 4 2 6 6 864
12 4 8 1 4 2 7 5 739
12 4 8 1 4 2 8 4 438
12 4 8 1 4 2 9 3 253
12 4 8 1 6 6 4 2 847
12 4 8 1 6 7 2 3 511
12 4 8 1 6 7 3 2 509
12 4 8 1 6 8 2 2 296
12 5 10 1 2 2 2 10 2 152
12 5 10 1 2 2 2 2 10 161
12 5 10 1 2 2 2 3 9 213
12 5 10 1 2 2 2 4 8 336
12 5 10 1 2 2 2 5 7 542
12 5 10 1 2 2 2 6 6 866
12 5 10 1 2 2 2 7 5 741
12 5 10 1 2 2 2 8 4 440
12 5 10 1 2 2 2 9 3 255
12 5 10 1 2 4 3 7 2 626
12 5 10 1 2 4 4 5 3 1445
12 5 10 1 2 4 4 6 2 946
12 5 10 1 2 4 5 3 4 1432
12 5 10 1 2 4 5 4 3 1420
12 5 10 1 2 4 5 5 2 1396
12 5 10 1 2 4 6 2 4 932
12 5 10 1 2 4 6 3 3 919
12 5 10 1 2 4 6 4 2 912
12 5 10 1 2 4 7 2 3 560
12 5 10 1 2 4 7 3 2 553
12 5 10 1 2 4 8 2 2 325
12 5 10 1 3 3 2 8 2 475
12 5 10 1 3 3 3 6 3 1009
12 5 10 1 3 3 3 7 2 627
12 5 10 1 3 3 4 4 4 2000
12 5 10 1 3 3 4 5 3 1446
12 5 10 1 3 3 4 6 2 947
12 5 10 1 3 3 5 2 5 1572
12 5 10 1 3 3 5 3 4 1537
12 5 10 1 3 3 5 4 3 1517
12 5 10 1 3 3 5 5 2 1397
12 5 10 1 3 3 6 2 4 1019
12 5 10 1 3 3 6 3 3 997
12 5 10 1 3 3 6 4 2 984
12 5 10 1 3 3 7 2 3 615
12 5 10 1 3 3 7 3 2 602
12 5 10 1 3 3 8 2 2 358
12 5 10 1 4 2 2 7 3 763
12 5 10 1 4 2 2 8 2 477
12 5 10 1 4 2 3 5 4 1530
12 5 10 1 4 2 3 6 3 1011
12 5 10 1 4 2 3 7 2 629
12 5 10 1 4 2 4 3 5 1637
12 5 10 1 4 2 4 4 4 2002
12 5 10 1 4 2 4 5 3 1448
12 5 10 1 4 2 4 6 2 949
12 5 10 1 4 2 5 2 5 1698
12 5 10 1 4 2 5 3 4 1685
12 5 10 1 4 2 5 4 3 1753
12 5 10 1 4 2 5 5 2 1399
12 5 10 1 4 2 6 2 4 1142
12 5 10 1 4 2 6 3 3 1167
12 5 10 1 4 2 6 4 2 1212
12 5 10 1 4 2 7 2 3 731
12 5 10 1 4 2 7 3 2 755
12 5 10 1 4 2 8 2 2 464
12 5 9 2 2 3 10 2 113
12 5 9 2 2 3 2 10 158
12 5 9 2 2 3 3 9 210
12 5 9 2 2 3 4 8 333
12 5 9 2 2 3 5 7 539
12 5 9 2 2 3 6 6 863
12 5 9 2 2 3 7 5 588
12 5 9 2 2 3 8 4 344
12 5 9 2 2 3 9 3 198
12 5 9 2 3 2 10 2 151
12 5 9 2 3 2 2 10 160
12 5 9 2 3 2 3 9 212
12 5 9 2 3 2 4 8 335
12 5 9 2 3 2 5 7 541
12 5 9 2 3 2 6 6 865
12 5 9 2 3 2 7 5 740
12 5 9 2 3 2 8 4 439
12 5 9 2 3 2 9 3 254
12 5 9 2 5 5 5 2 1360
12 5 9 2 5 6 3 3 874
12 5 9 2 5 6 4 2 870
12 5 9 2 5 7 2 3 529
12 5 9 2 5 7 3 2 525
12 5 9 2 5 8 2 2 306
12 6 11 2 2 3 2 7 3 762
12 6 11 2 2 3 2 8 2 476
12 6 11 2 2 3 3 5 4 1529
12 6 11 2 2 3 3 6 3 1010
12 6 11 2 2 3 3 7 2 628
12 6 11 2 2 3 4 3 5 1636
12 6 11 2 2 3 4 4 4 2001
12 6 11 2 2 3 4 5 3 1447
12 6 11 2 2 3 4 6 2 948
12 6 11 2 2 3 5 2 5 1573
12 6 11 2 2 3 5 3 4 1538
12 6 11 2 2 3 5 4 3 1518
12 6 11 2 2 3 5 5 2 1398
12 6 11 2 2 3 6 2 4 1020
12 6 11 2 2 3 6 3 3 998
12 6 11 2 2 3 6 4 2 985
12 6 11 2 2 3 7 2 3 616
12 6 11 2 2 3 7 3 2 603
12 6 11 2 2 3 8 2 2 359
12 6 11 2 3 2 2 6 4 1220
12 6 11 2 3 2 2 7 3 764
12 6 11 2 3 2 2 8 2 478
12 6 11 2 3 2 3 4 5 1500
12 6 11 2 3 2 3 5 4 1531
12 6 11 2 3 2 3 6 3 1012
12 6 11 2 3 2 3 7 2 630
12 6 11 2 3 2 4 2 6 1329
12 6 11 2 3 2 4 3 5 1638
12 6 11 2 3 2 4 4 4 2003
12 6 11 2 3 2 4 5 3 1449
12 6 11 2 3 2 4 6 2 950
12 6 11 2 3 2 5 2 5 1699
12 6 11 2 3 2 5 3 4 1686
12 6 11 2 3 2 5 4 3 1754
12 6 11 2 3 2 5 5 2 1400
12 6 11 2 3 2 6 2 4 1143
12 6 11 2 3 2 6 3 3 1168
12 6 11 2 3 2 6 4 2 1213
12 6 11 2 3 2 7 2 3 732
12 6 11 2 3 2 7 3 2 756
12 6 11 2 3 2 8 2 2 465
12 6 12 1 2 2 2 2 4 6 970
12 6 12 1 2 2 2 2 5 5 1416
12 6 12 1 2 2 2 2 6 4 1221
12 6 12 1 2 2 2 2 7 3 765
12 6 12 1 2 2 2 2 8 2 479
12 6 12 1 2 2 2 3 2 7 832
12 6 12 1 2 2 2 3 3 6 1069
12 6 12 1 2 2 2 3 4 5 1501
12 6 12 1 2 2 2 3 5 4 1532
12 6 12 1 2 2 2 3 6 3 1013
12 6 12 1 2 2 2 3 7 2 631
12 6 12 1 2 2 2 4 2 6 1330
12 6 12 1 2 2 2 4 3 5 1639
12 6 12 1 2 2 2 4 4 4 2004
12 6 12 1 2 2 2 4 5 3 1450
12 6 12 1 2 2 2 4 6 2 951
12 6 12 1 2 2 2 5 2 5 1700
12 6 12 1 2 2 2 5 3 4 1687
12 6 12 1 2 2 2 5 4 3 1755
12 6 12 1 2 2 2 5 5 2 1401
12 6 12 1 2 2 2 6 2 4 1144
12 6 12 1 2 2 2 6 3 3 1169
12 6 12 1 2 2 2 6 4 2 1214
12 6 12 1 2 2 2 7 2 3 733
12 6 12 1 2 2 2 7 3 2 757
12 6 12 1 2 2 2 8 2 2 466
12 6 12 1 3 3 6 2 2 2 1034
12 6 12 1 4 2 5 3 2 2 1833
12 6 12 1 4 2 6 2 2 2 1286
12 7 13 2 2 3 5 3 2 2 1553
12 7 13 2 2 3 6 2 2 2 1035
12 7 13 2 3 2 4 4 2 2 2063
12 7 13 2 3 2 5 2 3 2 1792
12 7 13 2 3 2 5 3 2 2 1834
12 7 13 2 3 2 6 2 2 2 1287
12 7 14 1 2 2 2 2 6 2 2 1299
12 7 14 1 2 2 2 3 4 3 2 2131
12 7 14 1 2 2 2 3 5 2 2 1614
12 7 14 1 2 2 2 4 2 4 2 2291
12 7 14 1 2 2 2 4 3 2 3 2347
12 7 14 1 2 2 2 4 3 3 2 2268
12 7 14 1 2 2 2 4 4 2 2 2064
12 7 14 1 2 2 2 5 2 2 3 1894
12 7 14 1 2 2 2 5 2 3 2 1793
12 7 14 1 2 2 2 5 3 2 2 1835
12 7 14 1 2 2 2 6 2 2 2 1288
13 2 4 1 5 13 14
13 3 5 2 4 13 15
13 3 6 1 2 3 13 17
13 3 6 1 3 2 13 24
13 3 6 1 5 10 3 95
13 3 6 1 5 11 2 52
13 3 6 1 5 6 7 515
13 3 6 1 5 7 6 520
13 3 6 1 5 8 5 301
13 3 6 1 5 9 4 171
13 4 7 2 2 2 13 25
13 4 7 2 4 10 3 100
13 4 7 2 4 11 2 55
13 4 7 2 4 5 8 310
13 4 7 2 4 6 7 516
13 4 7 2 4 7 6 543
13 4 7 2 4 8 5 315
13 4 7 2 4 9 4 179
13 4 8 1 2 3 10 3 109
13 4 8 1 2 3 11 2 61
13 4 8 1 2 3 3 10 116
13 4 8 1 2 3 4 9 188
13 4 8 1 2 3 5 8 311
13 4 8 1 2 3 6 7 517
13 4 8 1 2 3 7 6 584
13 4 8 1 2 3 8 5 340
13 4 8 1 2 3 9 4 194
13 4 8 1 3 2 10 3 141
13 4 8 1 3 2 11 2 82
13 4 8 1 3 2 2 11 88
13 4 8 1 3 2 3 10 117
13 4 8 1 3 2 4 9 189
13 4 8 1 3 2 5 8 312
13 4 8 1 3 2 6 7 518
13 4 8 1 3 2 7 6 735
13 4 8 1 3 2 8 5 434
13 4 8 1 3 2 9 4 249
13 4 8 1 5 8 3 2 303
13 4 8 1 5 9 2 2 173
13 5 10 1 2 3 5 6 2 890
13 5 10 1 2 3 6 4 3 981
13 5 10 1 2 3 6 5 2 974
13 5 10 1 2 3 7 2 4 612
13 5 10 1 2 3 7 3 3 599
13 5 10 1 2 3 7 4 2 592
13 5 10 1 2 3 8 2 3 355
13 5 10 1 2 3 8 3 2 348
13 5 10 1 2 3 9 2 2 202
13 5 10 1 3 2 4 7 2 568
13 5 10 1 3 2 5 5 3 1380
13 5 10 1 3 2 5 6 2 891
13 5 10 1 3 2 6 3 4 1124
13 5 10 1 3 2 6 4 3 1165
13 5 10 1 3 2 6 5 2 1201
13 5 10 1 3 2 7 2 4 697
13 5 10 1 3 2 7 3 3 714
13 5 10 1 3 2 7 4 2 744
13 5 10 1 3 2 8 2 3 428
13 5 10 1 3 2 8 3 2 443
13 5 10 1 3 2 9 2 2 263
13 5 9 2 2 2 10 3 142
13 5 9 2 2 2 11 2 83
13 5 9 2 2 2 2 11 89
13 5 9 2 2 2 3 10 118
13 5 9 2 2 2 4 9 190
13 5 9 2 2 2 5 8 313
13 5 9 2 2 2 6 7 519
13 5 9 2 2 2 7 6 736
13 5 9 2 2 2 8 5 435
13 5 9 2 2 2 9 4 250
13 5 9 2 4 7 4 2 547
13 5 9 2 4 8 2 3 323
13 5 9 2 4 8 3 2 319
13 5 9 2 4 9 2 2 183
13 6 11 2 2 2 3 8 2 364
13 6 11 2 2 2 4 6 3 928
13 6 11 2 2 2 4 7 2 569
13 6 11 2 2 2 5 4 4 1674
13 6 11 2 2 2 5 5 3 1381
13 6 11 2 2 2 5 6 2 892
13 6 11 2 2 2 6 2 5 1109
13 6 11 2 2 2 6 3 4 1125
13 6 11 2 2 2 6 4 3 1166
13 6 11 2 2 2 6 5 2 1202
13 6 11 2 2 2 7 2 4 698
13 6 11 2 2 2 7 3 3 715
13 6 11 2 2 2 7 4 2 745
13 6 11 2 2 2 8 2 3 429
13 6 11 2 2 2 8 3 2 444
13 6 11 2 2 2 9 2 2 264
13 7 13 2 2 2 7 2 2 2 788
14 2 4 1 4 14 7
14 3 5 2 3 14 8
14 3 6 1 2 2 14 12
14 3 6 1 4 10 4 99
14 3 6 1 4 11 3 54
14 3 6 1 4 12 2 29
14 3 6 1 4 8 6 314
14 3 6 1 4 9 5 178
14 4 7 2 3 10 4 107
14 4 7 2 3 11 3 59
14 4 7 2 3 12 2 32
14 4 7 2 3 7 7 505
14 4 7 2 3 8 6 338
14 4 7 2 3 9 5 192
14 4 8 1 2 2 10 4 139
14 4 8 1 2 2 11 3 77
14 4 8 1 2 2 12 2 44
14 4 8 1 2 2 5 9 177
14 4 8 1 2 2 6 8 300
14 4 8 1 2 2 7 7 506
14 4 8 1 2 2 8 6 432
14 4 8 1 2 2 9 5 247
14 4 8 1 4 10 2 2 101
14 5 10 1 2 2 10 2 2 146
14 5 10 1 2 2 7 5 2 738
14 5 10 1 2 2 8 3 3 418
14 5 10 1 2 2 8 4 2 437
14 5 10 1 2 2 9 2 3 243
14 5 10 1 2 2 9 3 2 252
14 5 9 2 3 10 2 2 111
14 5 9 2 3 9 3 2 196
15 2 4 1 3 15 3
15 3 5 2 2 15 5
15 3 6 1 3 10 5 106
15 3 6 1 3 11 4 58
15 3 6 1 3 12 3 31
15 3 6 1 3 13 2 16
15 4 7 2 2 10 5 137
15 4 7 2 2 11 4 75
15 4 7 2 2 12 3 41
15 4 7 2 2 13 2 22
15 4 7 2 2 9 6 245
15 5 9 2 2 11 2 2 79
16 2 4 1 2 16 1
16 3 6 1 2 12 4 40
16 3 6 1 2 13 3 20
16 3 6 1 2 14 2 10
17 2 3 2 17 0
17 3 5 2 15 2 4
18 1 2 1 18 2583
