9 47
1 0 0 0 0 0 0 
1 0 0 0 0 0 1 
0 0 0 0 0 1 2 
1 0 0 0 0 0 3 
1 0 0 0 0 1 1 
0 0 0 0 1 1 2 
1 0 0 0 1 0 3 
0 0 0 0 1 2 2 
0 0 0 2 1 0 3 
0 0 0 0 1 2 7 
1 0 0 0 3 0 4 
0 0 0 1 1 1 2 
0 0 0 1 1 2 2 
0 0 1 2 1 0 3 
0 0 0 1 2 1 6 
0 0 0 1 1 2 7 
1 0 0 1 0 3 3 
1 0 1 0 3 0 4 
1 0 0 1 0 3 7 
0 0 0 1 2 2 2 
0 0 2 2 1 0 3 
0 0 0 1 2 2 6 
0 2 1 0 3 0 4 
0 0 3 0 1 2 6 
0 0 2 1 0 3 7 
0 0 0 1 2 6 6 
0 0 0 1 2 6 7 
1 0 3 0 4 0 5 
0 1 2 2 1 0 3 
0 0 1 2 2 1 5 
1 2 1 0 3 0 4 
0 1 3 0 1 2 6 
0 0 1 5 1 2 6 
0 0 1 1 2 6 6 
0 0 1 1 2 6 7 
2 2 1 0 3 0 4 
0 2 3 0 1 2 5 
0 2 2 1 0 3 7 
3 0 4 0 1 2 5 
2 1 0 4 0 3 6 
0 3 0 1 2 5 5 
0 5 2 1 0 3 6 
0 3 0 1 2 5 7 
0 0 1 2 5 6 6 
0 0 1 2 5 6 7 
5 3 0 1 2 4 6 
1 1 1 1 1 1 1 
