18 1597
1 0 0 0 0 0 0 0 0 0 0 0 0 0 0 0 
0 0 0 0 0 0 0 0 0 0 0 0 0 0 1 2 
1 0 0 0 0 0 0 0 0 0 0 0 0 0 0 3 
0 0 0 0 0 0 0 0 0 0 0 0 0 1 2 1 
0 0 0 0 0 0 0 0 0 0 0 0 2 1 0 3 
0 0 0 0 0 0 0 0 0 0 0 0 0 1 2 16 
1 0 0 0 0 0 0 0 0 0 0 0 0 3 0 1 
0 0 0 0 0 0 0 0 0 0 0 0 1 2 1 1 
0 0 0 0 0 0 0 0 0 0 0 0 1 1 2 15 
0 0 0 0 0 0 0 0 0 0 0 2 3 0 1 2 
0 0 0 0 0 0 0 0 0 0 0 3 0 1 2 15 
0 0 0 0 0 0 0 0 0 0 0 2 1 0 3 16 
0 0 0 0 0 0 0 0 0 0 0 0 1 2 15 16 
1 0 0 0 0 0 0 0 0 0 0 0 3 0 1 1 
0 0 0 0 0 0 0 0 0 0 0 1 2 1 1 1 
0 0 0 0 0 0 0 0 0 0 0 1 1 1 2 14 
0 0 0 0 0 0 0 0 0 0 1 14 2 1 0 3 
0 0 0 0 0 0 0 0 0 0 0 1 1 2 14 16 
0 0 0 0 0 0 0 0 0 0 2 3 0 1 2 2 
0 0 0 0 0 0 0 0 0 0 2 2 1 0 3 15 
0 0 0 0 0 0 0 0 0 0 3 14 2 1 0 3 
0 0 0 0 0 0 0 0 0 0 14 2 1 0 3 15 
0 0 0 0 0 0 0 0 0 0 3 0 1 2 14 16 
0 0 0 0 0 0 0 0 0 0 2 1 15 3 0 1 
0 0 0 0 0 0 0 0 0 0 0 1 2 15 14 2 
0 0 0 0 0 0 0 0 0 0 0 1 2 14 15 16 
1 0 0 0 0 0 0 0 0 0 0 3 0 1 1 1 
0 0 0 0 0 0 0 0 0 0 1 2 1 1 1 1 
0 0 0 0 0 0 0 0 0 0 1 1 1 1 2 13 
0 0 0 0 0 0 0 0 0 1 1 13 2 1 0 3 
0 0 0 0 0 0 0 0 0 0 1 1 1 2 13 16 
0 0 0 0 0 0 0 0 0 1 13 2 1 0 3 3 
0 0 0 0 0 0 0 0 0 1 3 0 1 2 13 15 
0 0 0 0 0 0 0 0 0 0 1 1 2 15 13 2 
0 0 0 0 0 0 0 0 0 0 1 1 2 13 15 16 
0 0 0 0 0 0 0 0 0 2 3 0 1 2 2 2 
0 0 0 0 0 0 0 0 0 2 2 2 1 0 3 14 
0 0 0 0 0 0 0 0 0 2 2 1 14 3 0 1 
0 0 0 0 0 0 0 0 0 2 14 3 0 1 2 13 
0 0 0 0 0 0 0 0 0 2 2 1 0 3 14 16 
0 0 0 0 0 0 0 0 0 3 13 2 1 0 3 3 
0 0 0 0 0 0 0 0 0 3 3 0 1 2 13 15 
0 0 0 0 0 0 0 0 0 14 3 0 1 2 13 15 
0 0 0 0 0 0 0 0 0 13 2 1 0 3 14 16 
0 0 0 0 0 0 0 0 0 3 0 1 2 13 15 16 
0 0 0 0 0 0 0 0 0 2 1 14 3 0 1 1 
0 0 0 0 0 0 0 0 0 0 1 2 14 13 2 2 
0 0 0 0 0 0 0 0 0 0 1 2 2 13 14 15 
0 0 0 0 0 0 0 0 0 0 1 2 13 14 15 16 
1 0 0 0 0 0 0 0 0 0 3 0 1 1 1 1 
0 0 0 0 0 0 0 0 0 1 2 1 1 1 1 1 
0 0 0 0 0 0 0 0 0 1 1 1 1 1 2 12 
0 0 0 0 0 0 0 0 1 1 1 12 2 1 0 3 
0 0 0 0 0 0 0 0 0 1 1 1 1 2 12 16 
0 0 0 0 0 0 0 0 1 1 12 2 1 0 3 3 
0 0 0 0 0 0 0 0 1 1 3 0 1 2 12 15 
0 0 0 0 0 0 0 0 0 1 1 1 2 15 12 2 
0 0 0 0 0 0 0 0 0 1 1 1 2 12 15 16 
0 0 0 0 0 0 0 0 1 12 2 1 0 3 3 3 
0 0 0 0 0 0 0 0 1 3 3 0 1 2 12 14 
0 0 0 0 0 0 0 0 1 14 12 2 1 0 3 15 
0 0 0 0 0 0 0 0 1 3 0 1 2 12 14 16 
0 0 0 0 0 0 0 0 0 1 1 2 14 12 2 2 
0 0 0 0 0 0 0 0 0 1 1 2 2 12 14 15 
0 0 0 0 0 0 0 0 0 1 1 2 12 14 15 16 
0 0 0 0 0 0 0 0 2 3 0 1 2 2 2 2 
0 0 0 0 0 0 0 0 2 2 2 2 1 0 3 13 
0 0 0 0 0 0 0 0 2 2 2 1 13 3 0 1 
0 0 0 0 0 0 0 0 2 2 13 3 0 1 2 12 
0 0 0 0 0 0 0 0 2 2 2 1 0 3 13 16 
0 0 0 0 0 0 0 0 2 2 1 13 3 0 1 1 
0 0 0 0 0 0 0 0 2 2 1 1 0 3 13 15 
0 0 0 0 0 0 0 0 2 12 2 1 0 3 13 15 
0 0 0 0 0 0 0 0 2 2 1 0 3 13 15 16 
0 0 0 0 0 0 0 0 3 12 2 1 0 3 3 3 
0 0 0 0 0 0 0 0 3 3 3 0 1 2 12 14 
0 0 0 0 0 0 0 0 3 14 12 2 1 0 3 13 
0 0 0 0 0 0 0 0 3 3 0 1 2 12 14 16 
0 0 0 0 0 0 0 0 14 12 2 1 0 3 13 15 
0 0 0 0 0 0 0 0 13 3 0 1 2 12 14 16 
0 0 0 0 0 0 0 0 12 2 1 15 13 3 0 1 
0 0 0 0 0 0 0 0 12 15 13 3 0 1 2 12 
0 0 0 0 0 0 0 0 3 0 1 2 15 14 12 2 
0 0 0 0 0 0 0 0 3 0 1 2 12 14 15 16 
0 0 0 0 0 0 0 0 2 1 13 3 0 1 1 1 
0 0 0 0 0 0 0 0 0 1 2 13 12 2 2 2 
0 0 0 0 0 0 0 0 0 1 2 2 2 12 13 14 
0 0 0 0 0 0 0 0 0 1 2 2 12 13 14 16 
0 0 0 0 0 0 0 0 0 1 2 12 15 14 13 12 
0 0 0 0 0 0 0 0 0 1 2 12 13 14 15 16 
1 0 0 0 0 0 0 0 0 3 0 1 1 1 1 1 
0 0 0 0 0 0 0 0 1 2 1 1 1 1 1 1 
0 0 0 0 0 0 0 0 1 1 1 1 1 1 2 11 
0 0 0 0 0 0 0 1 1 1 1 11 2 1 0 3 
0 0 0 0 0 0 0 0 1 1 1 1 1 2 11 16 
0 0 0 0 0 0 0 1 1 1 11 2 1 0 3 3 
0 0 0 0 0 0 0 1 1 1 3 0 1 2 11 15 
0 0 0 0 0 0 0 0 1 1 1 1 2 15 11 2 
0 0 0 0 0 0 0 0 1 1 1 1 2 11 15 16 
0 0 0 0 0 0 0 1 1 11 2 1 0 3 3 3 
0 0 0 0 0 0 0 1 1 3 3 0 1 2 11 14 
0 0 0 0 0 0 0 1 1 14 11 2 1 0 3 15 
0 0 0 0 0 0 0 1 1 3 0 1 2 11 14 16 
0 0 0 0 0 0 0 0 1 1 1 2 14 11 2 2 
0 0 0 0 0 0 0 0 1 1 1 2 2 11 14 15 
0 0 0 0 0 0 0 0 1 1 1 2 11 14 15 16 
0 0 0 0 0 0 0 1 11 2 1 0 3 3 3 3 
0 0 0 0 0 0 0 1 3 3 3 0 1 2 11 13 
0 0 0 0 0 0 0 1 3 13 11 2 1 0 3 14 
0 0 0 0 0 0 0 1 3 3 0 1 2 11 13 16 
0 0 0 0 0 0 0 1 13 14 3 0 1 2 11 13 
0 0 0 0 0 0 0 1 14 3 0 1 2 11 13 15 
0 0 0 0 0 0 0 1 3 0 1 2 15 13 11 2 
0 0 0 0 0 0 0 1 3 0 1 2 11 13 15 16 
0 0 0 0 0 0 0 0 1 1 2 13 11 2 2 2 
0 0 0 0 0 0 0 0 1 1 2 2 2 11 13 14 
0 0 0 0 0 0 0 0 1 1 2 2 11 13 14 16 
0 0 0 0 0 0 0 0 1 1 2 11 15 14 13 11 
0 0 0 0 0 0 0 0 1 1 2 11 13 14 15 16 
0 0 0 0 0 0 0 2 3 0 1 2 2 2 2 2 
0 0 0 0 0 0 0 2 2 2 2 2 1 0 3 12 
0 0 0 0 0 0 0 2 2 2 2 1 12 3 0 1 
0 0 0 0 0 0 0 2 2 2 12 3 0 1 2 11 
0 0 0 0 0 0 0 2 2 2 2 1 0 3 12 16 
0 0 0 0 0 0 0 2 2 2 1 12 3 0 1 1 
0 0 0 0 0 0 0 2 2 2 1 1 0 3 12 15 
0 0 0 0 0 0 0 2 2 12 3 0 1 2 11 11 
0 0 0 0 0 0 0 2 2 11 2 1 0 3 12 15 
0 0 0 0 0 0 0 2 2 2 1 0 3 12 15 16 
0 0 0 0 0 0 0 2 2 1 12 3 0 1 1 1 
0 0 0 0 0 0 0 2 1 14 12 3 0 1 2 11 
0 0 0 0 0 0 0 2 2 1 1 0 3 12 14 16 
0 0 0 0 0 0 0 2 11 14 12 3 0 1 2 11 
0 0 0 0 0 0 0 2 14 12 3 0 1 2 11 15 
0 0 0 0 0 0 0 2 11 2 1 0 3 12 14 16 
0 0 0 0 0 0 0 2 2 1 0 3 12 14 15 16 
0 0 0 0 0 0 0 3 11 2 1 0 3 3 3 3 
0 0 0 0 0 0 0 3 3 3 3 0 1 2 11 13 
0 0 0 0 0 0 0 3 3 13 11 2 1 0 3 12 
0 0 0 0 0 0 0 3 3 3 0 1 2 11 13 16 
0 0 0 0 0 0 0 3 12 3 0 1 2 11 13 15 
0 0 0 0 0 0 0 3 3 0 1 2 15 13 11 2 
0 0 0 0 0 0 0 3 3 0 1 2 11 13 15 16 
0 0 0 0 0 0 0 13 14 12 3 0 1 2 11 13 
0 0 0 0 0 0 0 14 12 3 0 1 2 11 13 15 
0 0 0 0 0 0 0 13 11 2 1 0 3 12 14 16 
0 0 0 0 0 0 0 12 3 0 1 2 11 13 15 16 
0 0 0 0 0 0 0 11 2 1 14 12 3 0 1 1 
0 0 0 0 0 0 0 11 14 12 3 0 1 1 2 11 
0 0 0 0 0 0 0 11 14 12 3 0 1 2 11 11 
0 0 0 0 0 0 0 3 0 1 2 14 13 11 2 2 
0 0 0 0 0 0 0 3 0 1 2 2 11 13 14 15 
0 0 0 0 0 0 0 3 0 1 2 11 13 14 15 16 
0 0 0 0 0 0 0 2 1 12 3 0 1 1 1 1 
0 0 0 0 0 0 0 0 1 2 12 11 2 2 2 2 
0 0 0 0 0 0 0 0 1 2 2 2 2 11 12 13 
0 0 0 0 0 0 0 0 1 2 2 2 11 12 13 16 
0 0 0 0 0 0 0 0 1 2 2 11 15 13 12 11 
0 0 0 0 0 0 0 0 1 2 2 11 12 13 15 16 
0 0 0 0 0 0 0 0 1 2 11 14 13 12 11 11 
0 0 0 0 0 0 0 0 1 2 11 11 12 13 14 15 
0 0 0 0 0 0 0 0 1 2 11 12 13 14 15 16 
1 0 0 0 0 0 0 0 3 0 1 1 1 1 1 1 
0 0 0 0 0 0 0 1 1 1 1 1 1 1 2 10 
0 0 0 0 0 0 1 1 1 1 1 10 2 1 0 3 
0 0 0 0 0 0 0 1 1 1 1 1 1 2 10 16 
0 0 0 0 0 0 1 1 1 1 10 2 1 0 3 3 
0 0 0 0 0 0 1 1 1 1 3 0 1 2 10 15 
0 0 0 0 0 0 0 1 1 1 1 1 2 15 10 2 
0 0 0 0 0 0 0 1 1 1 1 1 2 10 15 16 
0 0 0 0 0 0 1 1 1 10 2 1 0 3 3 3 
0 0 0 0 0 0 1 1 1 3 3 0 1 2 10 14 
0 0 0 0 0 0 1 1 1 14 10 2 1 0 3 15 
0 0 0 0 0 0 1 1 1 3 0 1 2 10 14 16 
0 0 0 0 0 0 0 1 1 1 1 2 14 10 2 2 
0 0 0 0 0 0 0 1 1 1 1 2 2 10 14 15 
0 0 0 0 0 0 0 1 1 1 1 2 10 14 15 16 
0 0 0 0 0 0 1 1 10 2 1 0 3 3 3 3 
0 0 0 0 0 0 1 1 3 3 3 0 1 2 10 13 
0 0 0 0 0 0 1 1 3 13 10 2 1 0 3 14 
0 0 0 0 0 0 1 1 3 3 0 1 2 10 13 16 
0 0 0 0 0 0 1 1 13 14 3 0 1 2 10 13 
0 0 0 0 0 0 1 1 14 3 0 1 2 10 13 15 
0 0 0 0 0 0 1 1 3 0 1 2 15 13 10 2 
0 0 0 0 0 0 1 1 3 0 1 2 10 13 15 16 
0 0 0 0 0 0 0 1 1 1 2 13 10 2 2 2 
0 0 0 0 0 0 0 1 1 1 2 2 2 10 13 14 
0 0 0 0 0 0 0 1 1 1 2 2 10 13 14 16 
0 0 0 0 0 0 0 1 1 1 2 10 15 14 13 10 
0 0 0 0 0 0 0 1 1 1 2 10 13 14 15 16 
0 0 0 0 0 0 1 10 2 1 0 3 3 3 3 3 
0 0 0 0 0 0 1 3 3 3 3 0 1 2 10 12 
0 0 0 0 0 0 1 3 3 12 10 2 1 0 3 13 
0 0 0 0 0 0 1 3 3 3 0 1 2 10 12 16 
0 0 0 0 0 0 1 3 12 13 3 0 1 2 10 12 
0 0 0 0 0 0 1 3 13 3 0 1 2 10 12 15 
0 0 0 0 0 0 1 3 3 0 1 2 15 12 10 2 
0 0 0 0 0 0 1 3 3 0 1 2 10 12 15 16 
0 0 0 0 0 0 1 12 13 3 0 1 2 10 12 12 
0 0 0 0 0 0 1 13 14 12 10 2 1 0 3 13 
0 0 0 0 0 0 1 14 12 10 2 1 0 3 13 15 
0 0 0 0 0 0 1 13 3 0 1 2 10 12 14 16 
0 0 0 0 0 0 1 3 0 1 2 14 12 10 2 2 
0 0 0 0 0 0 1 3 0 1 2 2 10 12 14 15 
0 0 0 0 0 0 1 3 0 1 2 10 12 14 15 16 
0 0 0 0 0 0 0 1 1 2 12 10 2 2 2 2 
0 0 0 0 0 0 0 1 1 2 2 2 2 10 12 13 
0 0 0 0 0 0 0 1 1 2 2 2 10 12 13 16 
0 0 0 0 0 0 0 1 1 2 2 10 15 13 12 10 
0 0 0 0 0 0 0 1 1 2 2 10 12 13 15 16 
0 0 0 0 0 0 0 1 1 2 10 14 13 12 10 10 
0 0 0 0 0 0 0 1 1 2 10 10 12 13 14 15 
0 0 0 0 0 0 0 1 1 2 10 12 13 14 15 16 
0 0 0 0 0 0 2 2 2 2 2 2 1 0 3 11 
0 0 0 0 0 0 2 2 2 2 2 1 11 3 0 1 
0 0 0 0 0 0 2 2 2 2 11 3 0 1 2 10 
0 0 0 0 0 0 2 2 2 2 2 1 0 3 11 16 
0 0 0 0 0 0 2 2 2 2 1 11 3 0 1 1 
0 0 0 0 0 0 2 2 2 2 1 1 0 3 11 15 
0 0 0 0 0 0 2 2 2 11 3 0 1 2 10 10 
0 0 0 0 0 0 2 2 2 10 2 1 0 3 11 15 
0 0 0 0 0 0 2 2 2 2 1 0 3 11 15 16 
0 0 0 0 0 0 2 2 2 1 11 3 0 1 1 1 
0 0 0 0 0 0 2 2 2 1 1 1 0 3 11 14 
0 0 0 0 0 0 2 2 1 14 11 3 0 1 2 10 
0 0 0 0 0 0 2 2 2 1 1 0 3 11 14 16 
0 0 0 0 0 0 2 2 10 10 2 1 0 3 11 14 
0 0 0 0 0 0 2 2 14 11 3 0 1 2 10 15 
0 0 0 0 0 0 2 2 10 2 1 0 3 11 14 16 
0 0 0 0 0 0 2 2 2 1 0 3 11 14 15 16 
0 0 0 0 0 0 2 2 1 11 3 0 1 1 1 1 
0 0 0 0 0 0 2 1 13 11 3 0 1 10 2 1 
0 0 0 0 0 0 2 1 13 11 3 0 1 2 10 10 
0 0 0 0 0 0 2 1 10 2 1 0 3 11 13 15 
0 0 0 0 0 0 2 2 1 1 15 13 11 3 0 1 
0 0 0 0 0 0 2 2 1 1 0 3 11 13 15 16 
0 0 0 0 0 0 2 10 13 11 3 0 1 2 10 10 
0 0 0 0 0 0 2 10 10 2 1 0 3 11 13 15 
0 0 0 0 0 0 2 13 14 10 2 1 0 3 11 13 
0 0 0 0 0 0 2 14 10 2 1 0 3 11 13 15 
0 0 0 0 0 0 2 10 2 1 0 3 11 13 15 16 
0 0 0 0 0 0 2 2 1 0 3 11 13 14 15 16 
0 0 0 0 0 0 3 10 2 1 0 3 3 3 3 3 
0 0 0 0 0 0 3 3 3 3 3 0 1 2 10 12 
0 0 0 0 0 0 3 3 3 12 10 2 1 0 3 11 
0 0 0 0 0 0 3 3 3 3 0 1 2 10 12 16 
0 0 0 0 0 0 3 3 11 3 0 1 2 10 12 15 
0 0 0 0 0 0 3 3 3 0 1 2 15 12 10 2 
0 0 0 0 0 0 3 3 3 0 1 2 10 12 15 16 
0 0 0 0 0 0 3 14 12 10 2 1 0 3 11 15 
0 0 0 0 0 0 3 11 3 0 1 2 10 12 14 16 
0 0 0 0 0 0 3 3 0 1 2 14 12 10 2 2 
0 0 0 0 0 0 3 3 0 1 2 2 10 12 14 15 
0 0 0 0 0 0 3 3 0 1 2 10 12 14 15 16 
0 0 0 0 0 0 12 13 11 3 0 1 2 10 12 12 
0 0 0 0 0 0 12 12 10 2 1 0 3 11 13 15 
0 0 0 0 0 0 13 14 12 10 2 1 0 3 11 13 
0 0 0 0 0 0 14 12 10 2 1 0 3 11 13 15 
0 0 0 0 0 0 13 11 3 0 1 2 10 12 14 16 
0 0 0 0 0 0 12 10 2 1 15 13 11 3 0 1 
0 0 0 0 0 0 12 10 15 13 11 3 0 1 2 10 
0 0 0 0 0 0 11 3 0 1 2 15 14 12 10 2 
0 0 0 0 0 0 11 3 0 1 2 10 12 14 15 16 
0 0 0 0 0 0 10 2 1 13 11 3 0 1 1 1 
0 0 0 0 0 0 10 13 11 3 0 1 1 1 2 10 
0 0 0 0 0 0 10 13 11 3 0 1 1 2 10 10 
0 0 0 0 0 0 10 13 11 3 0 1 2 10 10 10 
0 0 0 0 0 0 3 0 1 2 13 12 10 2 2 2 
0 0 0 0 0 0 3 0 1 2 2 2 10 12 13 14 
0 0 0 0 0 0 3 0 1 2 2 10 12 13 14 16 
0 0 0 0 0 0 3 0 1 2 10 15 14 13 12 10 
0 0 0 0 0 0 3 0 1 2 10 12 13 14 15 16 
0 0 0 0 0 0 2 1 11 3 0 1 1 1 1 1 
0 0 0 0 0 0 0 1 2 11 10 2 2 2 2 2 
0 0 0 0 0 0 0 1 2 2 2 2 2 10 11 12 
0 0 0 0 0 0 0 1 2 2 2 2 10 11 12 16 
0 0 0 0 0 0 0 1 2 2 2 10 15 12 11 10 
0 0 0 0 0 0 0 1 2 2 2 10 11 12 15 16 
0 0 0 0 0 0 0 1 2 2 10 14 12 11 10 10 
0 0 0 0 0 0 0 1 2 2 10 10 11 12 14 15 
0 0 0 0 0 0 0 1 2 2 10 11 12 14 15 16 
0 0 0 0 0 0 0 1 2 10 13 12 11 10 10 10 
0 0 0 0 0 0 0 1 2 10 10 10 11 12 13 14 
0 0 0 0 0 0 0 1 2 10 10 11 12 13 14 16 
0 0 0 0 0 0 0 1 2 10 11 15 14 13 12 11 
0 0 0 0 0 0 0 1 2 10 11 12 13 14 15 16 
0 0 0 0 0 1 1 1 1 1 9 2 1 0 3 3 
0 0 0 0 0 1 1 1 1 1 3 0 1 2 9 15 
0 0 0 0 0 0 1 1 1 1 1 1 2 15 9 2 
0 0 0 0 0 0 1 1 1 1 1 1 2 9 15 16 
0 0 0 0 0 1 1 1 1 9 2 1 0 3 3 3 
0 0 0 0 0 1 1 1 1 3 3 0 1 2 9 14 
0 0 0 0 0 1 1 1 1 14 9 2 1 0 3 15 
0 0 0 0 0 1 1 1 1 3 0 1 2 9 14 16 
0 0 0 0 0 0 1 1 1 1 1 2 14 9 2 2 
0 0 0 0 0 0 1 1 1 1 1 2 2 9 14 15 
0 0 0 0 0 0 1 1 1 1 1 2 9 14 15 16 
0 0 0 0 0 1 1 1 9 2 1 0 3 3 3 3 
0 0 0 0 0 1 1 1 3 3 3 0 1 2 9 13 
0 0 0 0 0 1 1 1 3 13 9 2 1 0 3 14 
0 0 0 0 0 1 1 1 3 3 0 1 2 9 13 16 
0 0 0 0 0 1 1 1 13 14 3 0 1 2 9 13 
0 0 0 0 0 1 1 1 14 3 0 1 2 9 13 15 
0 0 0 0 0 1 1 1 3 0 1 2 15 13 9 2 
0 0 0 0 0 1 1 1 3 0 1 2 9 13 15 16 
0 0 0 0 0 0 1 1 1 1 2 13 9 2 2 2 
0 0 0 0 0 0 1 1 1 1 2 2 2 9 13 14 
0 0 0 0 0 0 1 1 1 1 2 2 9 13 14 16 
0 0 0 0 0 0 1 1 1 1 2 9 15 14 13 9 
0 0 0 0 0 0 1 1 1 1 2 9 13 14 15 16 
0 0 0 0 0 1 1 9 2 1 0 3 3 3 3 3 
0 0 0 0 0 1 1 3 3 3 3 0 1 2 9 12 
0 0 0 0 0 1 1 3 3 12 9 2 1 0 3 13 
0 0 0 0 0 1 1 3 3 3 0 1 2 9 12 16 
0 0 0 0 0 1 1 3 12 13 3 0 1 2 9 12 
0 0 0 0 0 1 1 3 13 3 0 1 2 9 12 15 
0 0 0 0 0 1 1 3 3 0 1 2 15 12 9 2 
0 0 0 0 0 1 1 3 3 0 1 2 9 12 15 16 
0 0 0 0 0 1 1 12 13 3 0 1 2 9 12 12 
0 0 0 0 0 1 1 13 14 12 9 2 1 0 3 13 
0 0 0 0 0 1 1 14 12 9 2 1 0 3 13 15 
0 0 0 0 0 1 1 13 3 0 1 2 9 12 14 16 
0 0 0 0 0 1 1 3 0 1 2 14 12 9 2 2 
0 0 0 0 0 1 1 3 0 1 2 2 9 12 14 15 
0 0 0 0 0 1 1 3 0 1 2 9 12 14 15 16 
0 0 0 0 0 0 1 1 1 2 12 9 2 2 2 2 
0 0 0 0 0 0 1 1 1 2 2 2 2 9 12 13 
0 0 0 0 0 0 1 1 1 2 2 2 9 12 13 16 
0 0 0 0 0 0 1 1 1 2 2 9 15 13 12 9 
0 0 0 0 0 0 1 1 1 2 2 9 12 13 15 16 
0 0 0 0 0 0 1 1 1 2 9 14 13 12 9 9 
0 0 0 0 0 0 1 1 1 2 9 9 12 13 14 15 
0 0 0 0 0 0 1 1 1 2 9 12 13 14 15 16 
0 0 0 0 0 1 3 3 3 3 3 0 1 2 9 11 
0 0 0 0 0 1 3 3 3 11 9 2 1 0 3 12 
0 0 0 0 0 1 3 3 3 3 0 1 2 9 11 16 
0 0 0 0 0 1 3 3 11 12 3 0 1 2 9 11 
0 0 0 0 0 1 3 3 12 3 0 1 2 9 11 15 
0 0 0 0 0 1 3 3 3 0 1 2 15 11 9 2 
0 0 0 0 0 1 3 3 3 0 1 2 9 11 15 16 
0 0 0 0 0 1 3 11 12 3 0 1 2 9 11 11 
0 0 0 0 0 1 3 12 14 11 9 2 1 0 3 12 
0 0 0 0 0 1 3 14 11 9 2 1 0 3 12 15 
0 0 0 0 0 1 3 12 3 0 1 2 9 11 14 16 
0 0 0 0 0 1 3 3 0 1 2 14 11 9 2 2 
0 0 0 0 0 1 3 3 0 1 2 2 9 11 14 15 
0 0 0 0 0 1 3 3 0 1 2 9 11 14 15 16 
0 0 0 0 0 1 11 12 3 0 1 2 9 11 11 11 
0 0 0 0 0 1 12 13 11 9 2 1 0 3 12 12 
0 0 0 0 0 1 13 11 9 2 1 0 3 12 12 14 
0 0 0 0 0 1 12 12 3 0 1 2 9 11 13 15 
0 0 0 0 0 1 13 14 12 3 0 1 2 9 11 13 
0 0 0 0 0 1 14 12 3 0 1 2 9 11 13 15 
0 0 0 0 0 1 12 3 0 1 2 15 13 11 9 2 
0 0 0 0 0 1 12 3 0 1 2 9 11 13 15 16 
0 0 0 0 0 1 3 0 1 2 13 11 9 2 2 2 
0 0 0 0 0 1 3 0 1 2 2 2 9 11 13 14 
0 0 0 0 0 1 3 0 1 2 2 9 11 13 14 16 
0 0 0 0 0 1 3 0 1 2 9 15 14 13 11 9 
0 0 0 0 0 1 3 0 1 2 9 11 13 14 15 16 
0 0 0 0 0 0 1 1 2 11 9 2 2 2 2 2 
0 0 0 0 0 0 1 1 2 2 2 2 2 9 11 12 
0 0 0 0 0 0 1 1 2 2 2 2 9 11 12 16 
0 0 0 0 0 0 1 1 2 2 2 9 15 12 11 9 
0 0 0 0 0 0 1 1 2 2 2 9 11 12 15 16 
0 0 0 0 0 0 1 1 2 2 9 14 12 11 9 9 
0 0 0 0 0 0 1 1 2 2 9 9 11 12 14 15 
0 0 0 0 0 0 1 1 2 2 9 11 12 14 15 16 
0 0 0 0 0 0 1 1 2 9 13 12 11 9 9 9 
0 0 0 0 0 0 1 1 2 9 9 9 11 12 13 14 
0 0 0 0 0 0 1 1 2 9 9 11 12 13 14 16 
0 0 0 0 0 0 1 1 2 9 11 15 14 13 12 11 
0 0 0 0 0 0 1 1 2 9 11 12 13 14 15 16 
0 0 0 0 0 2 2 2 2 2 1 10 3 0 1 1 
0 0 0 0 0 2 2 2 2 2 1 1 0 3 10 15 
0 0 0 0 0 2 2 2 2 2 2 1 0 3 10 15 
0 0 0 0 0 2 2 2 2 10 3 0 1 2 9 9 
0 0 0 0 0 2 2 2 2 9 2 1 0 3 10 15 
0 0 0 0 0 2 2 2 2 2 1 0 3 10 15 16 
0 0 0 0 0 2 2 2 2 1 10 3 0 1 1 1 
0 0 0 0 0 2 2 2 2 1 1 1 0 3 10 14 
0 0 0 0 0 2 2 2 1 14 10 3 0 1 2 9 
0 0 0 0 0 2 2 2 2 1 1 0 3 10 14 16 
0 0 0 0 0 2 2 2 10 3 0 1 2 9 9 9 
0 0 0 0 0 2 2 2 9 9 2 1 0 3 10 14 
0 0 0 0 0 2 2 2 14 10 3 0 1 2 9 15 
0 0 0 0 0 2 2 2 9 2 1 0 3 10 14 16 
0 0 0 0 0 2 2 2 2 1 0 3 10 14 15 16 
0 0 0 0 0 2 2 2 1 10 3 0 1 1 1 1 
0 0 0 0 0 2 2 1 1 13 10 3 0 1 2 9 
0 0 0 0 0 2 2 2 1 1 1 0 3 10 13 16 
0 0 0 0 0 2 2 1 13 10 3 0 1 2 9 9 
0 0 0 0 0 2 2 1 9 2 1 0 3 10 13 15 
0 0 0 0 0 2 2 2 1 1 0 3 10 13 15 16 
0 0 0 0 0 2 2 9 9 13 10 3 0 1 2 9 
0 0 0 0 0 2 2 9 13 10 3 0 1 2 9 14 
0 0 0 0 0 2 2 9 9 2 1 0 3 10 13 16 
0 0 0 0 0 2 2 13 14 9 2 1 0 3 10 13 
0 0 0 0 0 2 2 14 9 2 1 0 3 10 13 15 
0 0 0 0 0 2 2 9 2 1 0 3 10 13 15 16 
0 0 0 0 0 2 2 2 1 0 3 10 13 14 15 16 
0 0 0 0 0 2 1 12 10 3 0 1 9 2 1 1 
0 0 0 0 0 2 1 12 10 3 0 1 9 1 2 9 
0 0 0 0 0 2 1 12 10 3 0 1 2 9 9 9 
0 0 0 0 0 2 1 9 9 2 1 0 3 10 12 14 
0 0 0 0 0 2 1 14 12 10 3 0 1 2 9 15 
0 0 0 0 0 2 1 9 2 1 0 3 10 12 14 16 
0 0 0 0 0 2 2 1 1 14 12 10 3 0 1 1 
0 0 0 0 0 2 2 1 1 1 0 3 10 12 14 15 
0 0 0 0 0 2 2 1 1 0 3 10 12 14 15 16 
0 0 0 0 0 2 9 12 10 3 0 1 2 9 9 9 
0 0 0 0 0 2 9 9 9 2 1 0 3 10 12 14 
0 0 0 0 0 2 9 14 12 10 3 0 1 2 9 13 
0 0 0 0 0 2 9 9 2 1 0 3 10 12 14 16 
0 0 0 0 0 2 12 13 9 2 1 0 3 10 12 12 
0 0 0 0 0 2 13 14 12 10 3 0 1 2 9 13 
0 0 0 0 0 2 14 12 10 3 0 1 2 9 13 15 
0 0 0 0 0 2 13 9 2 1 0 3 10 12 14 16 
0 0 0 0 0 2 9 2 1 0 3 10 12 14 15 16 
0 0 0 0 0 2 2 1 0 3 10 15 14 13 12 10 
0 0 0 0 0 2 2 1 0 3 10 12 13 14 15 16 
0 0 0 0 0 3 3 3 3 11 9 2 1 0 3 10 
0 0 0 0 0 3 3 3 3 3 0 1 2 9 11 16 
0 0 0 0 0 3 3 3 10 3 0 1 2 9 11 15 
0 0 0 0 0 3 3 3 3 0 1 2 15 11 9 2 
0 0 0 0 0 3 3 3 3 0 1 2 9 11 15 16 
0 0 0 0 0 3 3 14 11 9 2 1 0 3 10 15 
0 0 0 0 0 3 3 10 3 0 1 2 9 11 14 16 
0 0 0 0 0 3 3 3 0 1 2 14 11 9 2 2 
0 0 0 0 0 3 3 3 0 1 2 2 9 11 14 15 
0 0 0 0 0 3 3 3 0 1 2 9 11 14 15 16 
0 0 0 0 0 3 13 14 10 3 0 1 2 9 11 13 
0 0 0 0 0 3 14 10 3 0 1 2 9 11 13 15 
0 0 0 0 0 3 10 3 0 1 2 15 13 11 9 2 
0 0 0 0 0 3 10 3 0 1 2 9 11 13 15 16 
0 0 0 0 0 3 3 0 1 2 13 11 9 2 2 2 
0 0 0 0 0 3 3 0 1 2 2 2 9 11 13 14 
0 0 0 0 0 3 3 0 1 2 2 9 11 13 14 16 
0 0 0 0 0 3 3 0 1 2 9 15 14 13 11 9 
0 0 0 0 0 3 3 0 1 2 9 11 13 14 15 16 
0 0 0 0 0 11 12 10 3 0 1 2 9 11 11 11 
0 0 0 0 0 11 11 11 9 2 1 0 3 10 12 14 
0 0 0 0 0 11 11 9 2 1 14 12 10 3 0 1 
0 0 0 0 0 11 11 9 14 12 10 3 0 1 2 9 
0 0 0 0 0 11 14 12 10 3 0 1 2 9 11 13 
0 0 0 0 0 11 11 9 2 1 0 3 10 12 14 16 
0 0 0 0 0 12 13 11 9 2 1 0 3 10 12 12 
0 0 0 0 0 12 12 10 3 0 1 2 9 11 13 15 
0 0 0 0 0 14 12 10 3 0 1 2 9 11 13 15 
0 0 0 0 0 13 11 9 2 1 0 3 10 12 14 16 
0 0 0 0 0 12 10 3 0 1 2 9 11 13 15 16 
0 0 0 0 0 11 9 2 1 14 12 10 3 0 1 1 
0 0 0 0 0 11 9 14 12 10 3 0 1 1 2 9 
0 0 0 0 0 11 9 14 12 10 3 0 1 2 9 9 
0 0 0 0 0 10 3 0 1 2 14 13 11 9 2 2 
0 0 0 0 0 10 3 0 1 2 2 9 11 13 14 15 
0 0 0 0 0 10 3 0 1 2 9 11 13 14 15 16 
0 0 0 0 0 9 2 1 12 10 3 0 1 1 1 1 
0 0 0 0 0 9 12 10 3 0 1 1 1 1 2 9 
0 0 0 0 0 9 12 10 3 0 1 1 1 2 9 9 
0 0 0 0 0 9 12 10 3 0 1 1 2 9 9 9 
0 0 0 0 0 9 12 10 3 0 1 2 9 9 9 9 
0 0 0 0 0 3 0 1 2 12 11 9 2 2 2 2 
0 0 0 0 0 3 0 1 2 2 2 2 9 11 12 13 
0 0 0 0 0 3 0 1 2 2 2 9 11 12 13 16 
0 0 0 0 0 3 0 1 2 2 9 15 13 12 11 9 
0 0 0 0 0 3 0 1 2 2 9 11 12 13 15 16 
0 0 0 0 0 3 0 1 2 9 14 13 12 11 9 9 
0 0 0 0 0 3 0 1 2 9 9 11 12 13 14 15 
0 0 0 0 0 3 0 1 2 9 11 12 13 14 15 16 
0 0 0 0 0 0 1 2 2 2 2 2 9 10 11 16 
0 0 0 0 0 0 1 2 2 2 2 9 15 11 10 9 
0 0 0 0 0 0 1 2 2 2 2 9 10 11 15 16 
0 0 0 0 0 0 1 2 2 2 9 14 11 10 9 9 
0 0 0 0 0 0 1 2 2 2 9 9 10 11 14 15 
0 0 0 0 0 0 1 2 2 2 9 10 11 14 15 16 
0 0 0 0 0 0 1 2 2 9 13 11 10 9 9 9 
0 0 0 0 0 0 1 2 2 9 9 9 10 11 13 14 
0 0 0 0 0 0 1 2 2 9 9 10 11 13 14 16 
0 0 0 0 0 0 1 2 2 9 10 15 14 13 11 10 
0 0 0 0 0 0 1 2 2 9 10 11 13 14 15 16 
0 0 0 0 0 0 1 2 9 12 11 10 9 9 9 9 
0 0 0 0 0 0 1 2 9 9 9 9 10 11 12 13 
0 0 0 0 0 0 1 2 9 9 9 10 11 12 13 16 
0 0 0 0 0 0 1 2 9 9 10 15 13 12 11 10 
0 0 0 0 0 0 1 2 9 9 10 11 12 13 15 16 
0 0 0 0 0 0 1 2 9 10 14 13 12 11 10 10 
0 0 0 0 0 0 1 2 9 10 10 11 12 13 14 15 
0 0 0 0 0 0 1 2 9 10 11 12 13 14 15 16 
0 0 0 0 1 1 1 1 8 2 1 0 3 3 3 3 
0 0 0 0 1 1 1 1 3 3 3 0 1 2 8 13 
0 0 0 0 1 1 1 1 3 13 8 2 1 0 3 14 
0 0 0 0 1 1 1 1 3 3 0 1 2 8 13 16 
0 0 0 0 1 1 1 1 13 14 3 0 1 2 8 13 
0 0 0 0 1 1 1 1 14 3 0 1 2 8 13 15 
0 0 0 0 1 1 1 1 3 0 1 2 15 13 8 2 
0 0 0 0 1 1 1 1 3 0 1 2 8 13 15 16 
0 0 0 0 0 1 1 1 1 1 2 13 8 2 2 2 
0 0 0 0 0 1 1 1 1 1 2 2 2 8 13 14 
0 0 0 0 0 1 1 1 1 1 2 2 8 13 14 16 
0 0 0 0 0 1 1 1 1 1 2 8 15 14 13 8 
0 0 0 0 0 1 1 1 1 1 2 8 13 14 15 16 
0 0 0 0 1 1 1 3 3 3 3 0 1 2 8 12 
0 0 0 0 1 1 1 3 3 12 8 2 1 0 3 13 
0 0 0 0 1 1 1 3 3 3 0 1 2 8 12 16 
0 0 0 0 1 1 1 3 12 13 3 0 1 2 8 12 
0 0 0 0 1 1 1 3 13 3 0 1 2 8 12 15 
0 0 0 0 1 1 1 3 3 0 1 2 15 12 8 2 
0 0 0 0 1 1 1 3 3 0 1 2 8 12 15 16 
0 0 0 0 1 1 1 12 13 3 0 1 2 8 12 12 
0 0 0 0 1 1 1 13 14 12 8 2 1 0 3 13 
0 0 0 0 1 1 1 14 12 8 2 1 0 3 13 15 
0 0 0 0 1 1 1 13 3 0 1 2 8 12 14 16 
0 0 0 0 1 1 1 3 0 1 2 14 12 8 2 2 
0 0 0 0 1 1 1 3 0 1 2 2 8 12 14 15 
0 0 0 0 1 1 1 3 0 1 2 8 12 14 15 16 
0 0 0 0 0 1 1 1 1 2 12 8 2 2 2 2 
0 0 0 0 0 1 1 1 1 2 2 2 2 8 12 13 
0 0 0 0 0 1 1 1 1 2 2 2 8 12 13 16 
0 0 0 0 0 1 1 1 1 2 2 8 15 13 12 8 
0 0 0 0 0 1 1 1 1 2 2 8 12 13 15 16 
0 0 0 0 0 1 1 1 1 2 8 14 13 12 8 8 
0 0 0 0 0 1 1 1 1 2 8 8 12 13 14 15 
0 0 0 0 0 1 1 1 1 2 8 12 13 14 15 16 
0 0 0 0 1 1 3 3 3 11 8 2 1 0 3 12 
0 0 0 0 1 1 3 3 3 3 0 1 2 8 11 16 
0 0 0 0 1 1 3 3 11 12 3 0 1 2 8 11 
0 0 0 0 1 1 3 3 12 3 0 1 2 8 11 15 
0 0 0 0 1 1 3 3 3 0 1 2 15 11 8 2 
0 0 0 0 1 1 3 3 3 0 1 2 8 11 15 16 
0 0 0 0 1 1 3 11 12 3 0 1 2 8 11 11 
0 0 0 0 1 1 3 12 14 11 8 2 1 0 3 12 
0 0 0 0 1 1 3 14 11 8 2 1 0 3 12 15 
0 0 0 0 1 1 3 12 3 0 1 2 8 11 14 16 
0 0 0 0 1 1 3 3 0 1 2 14 11 8 2 2 
0 0 0 0 1 1 3 3 0 1 2 2 8 11 14 15 
0 0 0 0 1 1 3 3 0 1 2 8 11 14 15 16 
0 0 0 0 1 1 11 12 3 0 1 2 8 11 11 11 
0 0 0 0 1 1 12 13 11 8 2 1 0 3 12 12 
0 0 0 0 1 1 13 11 8 2 1 0 3 12 12 14 
0 0 0 0 1 1 12 12 3 0 1 2 8 11 13 15 
0 0 0 0 1 1 13 14 12 3 0 1 2 8 11 13 
0 0 0 0 1 1 14 12 3 0 1 2 8 11 13 15 
0 0 0 0 1 1 12 3 0 1 2 15 13 11 8 2 
0 0 0 0 1 1 12 3 0 1 2 8 11 13 15 16 
0 0 0 0 1 1 3 0 1 2 13 11 8 2 2 2 
0 0 0 0 1 1 3 0 1 2 2 2 8 11 13 14 
0 0 0 0 1 1 3 0 1 2 2 8 11 13 14 16 
0 0 0 0 1 1 3 0 1 2 8 15 14 13 11 8 
0 0 0 0 1 1 3 0 1 2 8 11 13 14 15 16 
0 0 0 0 0 1 1 1 2 2 2 2 2 8 11 12 
0 0 0 0 0 1 1 1 2 2 2 2 8 11 12 16 
0 0 0 0 0 1 1 1 2 2 2 8 15 12 11 8 
0 0 0 0 0 1 1 1 2 2 2 8 11 12 15 16 
0 0 0 0 0 1 1 1 2 2 8 14 12 11 8 8 
0 0 0 0 0 1 1 1 2 2 8 8 11 12 14 15 
0 0 0 0 0 1 1 1 2 2 8 11 12 14 15 16 
0 0 0 0 0 1 1 1 2 8 13 12 11 8 8 8 
0 0 0 0 0 1 1 1 2 8 8 8 11 12 13 14 
0 0 0 0 0 1 1 1 2 8 8 11 12 13 14 16 
0 0 0 0 0 1 1 1 2 8 11 15 14 13 12 11 
0 0 0 0 0 1 1 1 2 8 11 12 13 14 15 16 
0 0 0 0 1 3 3 3 10 11 3 0 1 2 8 10 
0 0 0 0 1 3 3 3 11 3 0 1 2 8 10 15 
0 0 0 0 1 3 3 3 3 0 1 2 15 10 8 2 
0 0 0 0 1 3 3 3 3 0 1 2 8 10 15 16 
0 0 0 0 1 3 3 10 11 3 0 1 2 8 10 10 
0 0 0 0 1 3 3 11 14 10 8 2 1 0 3 11 
0 0 0 0 1 3 3 14 10 8 2 1 0 3 11 15 
0 0 0 0 1 3 3 11 3 0 1 2 8 10 14 16 
0 0 0 0 1 3 3 3 0 1 2 14 10 8 2 2 
0 0 0 0 1 3 3 3 0 1 2 2 8 10 14 15 
0 0 0 0 1 3 3 3 0 1 2 8 10 14 15 16 
0 0 0 0 1 3 10 11 3 0 1 2 8 10 10 10 
0 0 0 0 1 3 11 13 10 8 2 1 0 3 11 11 
0 0 0 0 1 3 13 10 8 2 1 0 3 11 11 14 
0 0 0 0 1 3 11 11 3 0 1 2 8 10 13 15 
0 0 0 0 1 3 13 14 11 3 0 1 2 8 10 13 
0 0 0 0 1 3 14 11 3 0 1 2 8 10 13 15 
0 0 0 0 1 3 11 3 0 1 2 15 13 10 8 2 
0 0 0 0 1 3 11 3 0 1 2 8 10 13 15 16 
0 0 0 0 1 3 3 0 1 2 13 10 8 2 2 2 
0 0 0 0 1 3 3 0 1 2 2 2 8 10 13 14 
0 0 0 0 1 3 3 0 1 2 2 8 10 13 14 16 
0 0 0 0 1 3 3 0 1 2 8 15 14 13 10 8 
0 0 0 0 1 3 3 0 1 2 8 10 13 14 15 16 
0 0 0 0 1 10 11 3 0 1 2 8 10 10 10 10 
0 0 0 0 1 11 12 10 8 2 1 0 3 11 11 11 
0 0 0 0 1 12 10 8 2 1 0 3 11 11 11 13 
0 0 0 0 1 11 11 11 3 0 1 2 8 10 12 14 
0 0 0 0 1 12 11 13 11 3 0 1 2 8 10 12 
0 0 0 0 1 11 13 11 3 0 1 2 8 10 12 14 
0 0 0 0 1 11 11 3 0 1 2 14 12 10 8 2 
0 0 0 0 1 11 11 3 0 1 2 8 10 12 14 16 
0 0 0 0 1 12 13 11 3 0 1 2 8 10 12 12 
0 0 0 0 1 13 14 12 10 8 2 1 0 3 11 13 
0 0 0 0 1 14 12 10 8 2 1 0 3 11 13 15 
0 0 0 0 1 13 11 3 0 1 2 8 10 12 14 16 
0 0 0 0 1 11 3 0 1 2 14 12 10 8 2 2 
0 0 0 0 1 11 3 0 1 2 2 8 10 12 14 15 
0 0 0 0 1 11 3 0 1 2 8 10 12 14 15 16 
0 0 0 0 1 3 0 1 2 12 10 8 2 2 2 2 
0 0 0 0 1 3 0 1 2 2 2 2 8 10 12 13 
0 0 0 0 1 3 0 1 2 2 2 8 10 12 13 16 
0 0 0 0 1 3 0 1 2 2 8 15 13 12 10 8 
0 0 0 0 1 3 0 1 2 2 8 10 12 13 15 16 
0 0 0 0 1 3 0 1 2 8 14 13 12 10 8 8 
0 0 0 0 1 3 0 1 2 8 8 10 12 13 14 15 
0 0 0 0 1 3 0 1 2 8 10 12 13 14 15 16 
0 0 0 0 0 1 1 2 2 2 2 2 8 10 11 16 
0 0 0 0 0 1 1 2 2 2 2 8 15 11 10 8 
0 0 0 0 0 1 1 2 2 2 2 8 10 11 15 16 
0 0 0 0 0 1 1 2 2 2 8 14 11 10 8 8 
0 0 0 0 0 1 1 2 2 2 8 8 10 11 14 15 
0 0 0 0 0 1 1 2 2 2 8 10 11 14 15 16 
0 0 0 0 0 1 1 2 2 8 13 11 10 8 8 8 
0 0 0 0 0 1 1 2 2 8 8 8 10 11 13 14 
0 0 0 0 0 1 1 2 2 8 8 10 11 13 14 16 
0 0 0 0 0 1 1 2 2 8 10 15 14 13 11 10 
0 0 0 0 0 1 1 2 2 8 10 11 13 14 15 16 
0 0 0 0 0 1 1 2 8 12 11 10 8 8 8 8 
0 0 0 0 0 1 1 2 8 8 8 8 10 11 12 13 
0 0 0 0 0 1 1 2 8 8 8 10 11 12 13 16 
0 0 0 0 0 1 1 2 8 8 10 15 13 12 11 10 
0 0 0 0 0 1 1 2 8 8 10 11 12 13 15 16 
0 0 0 0 0 1 1 2 8 10 14 13 12 11 10 10 
0 0 0 0 0 1 1 2 8 10 10 11 12 13 14 15 
0 0 0 0 0 1 1 2 8 10 11 12 13 14 15 16 
0 0 0 0 2 2 2 2 1 1 1 1 0 3 9 13 
0 0 0 0 2 2 2 1 1 13 9 3 0 1 2 8 
0 0 0 0 2 2 2 2 1 1 1 0 3 9 13 16 
0 0 0 0 2 2 2 1 13 9 3 0 1 2 8 8 
0 0 0 0 2 2 2 1 8 2 1 0 3 9 13 15 
0 0 0 0 2 2 2 2 1 1 0 3 9 13 15 16 
0 0 0 0 2 2 2 2 13 9 3 0 1 2 8 8 
0 0 0 0 2 2 2 2 8 2 1 0 3 9 13 15 
0 0 0 0 2 2 2 2 2 1 0 3 9 13 15 16 
0 0 0 0 2 2 2 8 8 8 2 1 0 3 9 13 
0 0 0 0 2 2 2 8 13 9 3 0 1 2 8 14 
0 0 0 0 2 2 2 8 8 2 1 0 3 9 13 16 
0 0 0 0 2 2 2 13 14 8 2 1 0 3 9 13 
0 0 0 0 2 2 2 14 8 2 1 0 3 9 13 15 
0 0 0 0 2 2 2 8 2 1 0 3 9 13 15 16 
0 0 0 0 2 2 2 2 1 0 3 9 13 14 15 16 
0 0 0 0 2 2 1 1 12 9 3 0 1 8 2 1 
0 0 0 0 2 2 1 1 12 9 3 0 1 2 8 8 
0 0 0 0 2 2 1 1 8 2 1 0 3 9 12 15 
0 0 0 0 2 2 2 1 1 1 15 12 9 3 0 1 
0 0 0 0 2 2 2 1 1 1 0 3 9 12 15 16 
0 0 0 0 2 2 1 12 9 3 0 1 2 8 8 8 
0 0 0 0 2 2 1 8 8 2 1 0 3 9 12 14 
0 0 0 0 2 2 1 14 12 9 3 0 1 2 8 15 
0 0 0 0 2 2 1 8 2 1 0 3 9 12 14 16 
0 0 0 0 2 2 2 1 1 0 3 9 12 14 15 16 
0 0 0 0 2 2 8 8 12 9 3 0 1 2 8 8 
0 0 0 0 2 2 8 8 8 2 1 0 3 9 12 15 
0 0 0 0 2 2 8 12 13 8 2 1 0 3 9 12 
0 0 0 0 2 2 8 13 8 2 1 0 3 9 12 15 
0 0 0 0 2 2 8 8 2 1 0 3 9 12 15 16 
0 0 0 0 2 2 12 13 8 2 1 0 3 9 12 12 
0 0 0 0 2 2 13 14 12 9 3 0 1 2 8 13 
0 0 0 0 2 2 14 12 9 3 0 1 2 8 13 15 
0 0 0 0 2 2 13 8 2 1 0 3 9 12 14 16 
0 0 0 0 2 2 8 2 1 0 3 9 12 14 15 16 
0 0 0 0 2 2 2 1 0 3 9 15 14 13 12 9 
0 0 0 0 2 2 2 1 0 3 9 12 13 14 15 16 
0 0 0 0 2 1 11 9 3 0 1 8 1 1 2 8 
0 0 0 0 2 1 11 9 3 0 1 8 1 2 8 8 
0 0 0 0 2 1 11 9 3 0 1 2 8 8 8 8 
0 0 0 0 2 1 8 8 8 2 1 0 3 9 11 13 
0 0 0 0 2 1 8 13 11 9 3 0 1 2 8 14 
0 0 0 0 2 1 8 8 2 1 0 3 9 11 13 16 
0 0 0 0 2 1 13 11 9 3 0 1 14 8 2 1 
0 0 0 0 2 1 13 14 8 2 1 0 3 9 11 13 
0 0 0 0 2 1 14 8 2 1 0 3 9 11 13 15 
0 0 0 0 2 1 8 2 1 15 13 11 9 3 0 1 
0 0 0 0 2 1 8 2 1 0 3 9 11 13 15 16 
0 0 0 0 2 2 1 1 1 1 0 3 9 11 13 14 
0 0 0 0 2 2 1 1 1 0 3 9 11 13 14 16 
0 0 0 0 2 2 1 1 0 3 9 15 14 13 11 9 
0 0 0 0 2 2 1 1 0 3 9 11 13 14 15 16 
0 0 0 0 2 8 8 8 8 2 1 0 3 9 11 13 
0 0 0 0 2 8 8 13 11 9 3 0 1 2 8 12 
0 0 0 0 2 8 8 8 2 1 0 3 9 11 13 16 
0 0 0 0 2 8 13 11 9 3 0 1 2 8 12 12 
0 0 0 0 2 8 12 8 2 1 0 3 9 11 13 15 
0 0 0 0 2 8 8 2 1 0 3 9 11 13 15 16 
0 0 0 0 2 11 12 8 2 1 0 3 9 11 11 11 
0 0 0 0 2 12 13 11 9 3 0 1 2 8 12 12 
0 0 0 0 2 13 11 9 3 0 1 2 8 12 12 14 
0 0 0 0 2 12 12 8 2 1 0 3 9 11 13 15 
0 0 0 0 2 13 14 12 8 2 1 0 3 9 11 13 
0 0 0 0 2 14 12 8 2 1 0 3 9 11 13 15 
0 0 0 0 2 12 8 2 1 0 3 9 11 13 15 16 
0 0 0 0 2 8 2 1 0 3 9 11 13 14 15 16 
0 0 0 0 2 2 1 0 3 9 14 13 12 11 9 9 
0 0 0 0 2 2 1 0 3 9 9 11 12 13 14 15 
0 0 0 0 2 2 1 0 3 9 11 12 13 14 15 16 
0 0 0 0 3 3 3 14 10 8 2 1 0 3 9 15 
0 0 0 0 3 3 3 9 3 0 1 2 8 10 14 16 
0 0 0 0 3 3 3 3 0 1 2 14 10 8 2 2 
0 0 0 0 3 3 3 3 0 1 2 2 8 10 14 15 
0 0 0 0 3 3 3 3 0 1 2 8 10 14 15 16 
0 0 0 0 3 3 13 14 9 3 0 1 2 8 10 13 
0 0 0 0 3 3 14 9 3 0 1 2 8 10 13 15 
0 0 0 0 3 3 9 3 0 1 2 15 13 10 8 2 
0 0 0 0 3 3 9 3 0 1 2 8 10 13 15 16 
0 0 0 0 3 3 3 0 1 2 13 10 8 2 2 2 
0 0 0 0 3 3 3 0 1 2 2 2 8 10 13 14 
0 0 0 0 3 3 3 0 1 2 2 8 10 13 14 16 
0 0 0 0 3 3 3 0 1 2 8 15 14 13 10 8 
0 0 0 0 3 3 3 0 1 2 8 10 13 14 15 16 
0 0 0 0 3 12 13 9 3 0 1 2 8 10 12 12 
0 0 0 0 3 13 14 12 10 8 2 1 0 3 9 13 
0 0 0 0 3 14 12 10 8 2 1 0 3 9 13 15 
0 0 0 0 3 13 9 3 0 1 2 8 10 12 14 16 
0 0 0 0 3 9 3 0 1 2 14 12 10 8 2 2 
0 0 0 0 3 9 3 0 1 2 2 8 10 12 14 15 
0 0 0 0 3 9 3 0 1 2 8 10 12 14 15 16 
0 0 0 0 3 3 0 1 2 2 2 2 8 10 12 13 
0 0 0 0 3 3 0 1 2 2 2 8 10 12 13 16 
0 0 0 0 3 3 0 1 2 2 8 15 13 12 10 8 
0 0 0 0 3 3 0 1 2 2 8 10 12 13 15 16 
0 0 0 0 3 3 0 1 2 8 14 13 12 10 8 8 
0 0 0 0 3 3 0 1 2 8 8 10 12 13 14 15 
0 0 0 0 3 3 0 1 2 8 10 12 13 14 15 16 
0 0 0 0 10 11 9 3 0 1 2 8 10 10 10 10 
0 0 0 0 10 10 10 10 8 2 1 0 3 9 11 13 
0 0 0 0 10 10 10 8 2 1 13 11 9 3 0 1 
0 0 0 0 10 10 10 8 13 11 9 3 0 1 2 8 
0 0 0 0 10 10 13 11 9 3 0 1 2 8 10 12 
0 0 0 0 10 10 10 8 2 1 0 3 9 11 13 16 
0 0 0 0 10 10 8 2 1 13 11 9 3 0 1 1 
0 0 0 0 10 10 8 13 11 9 3 0 1 1 2 8 
0 0 0 0 10 10 8 13 11 9 3 0 1 2 8 8 
0 0 0 0 10 10 8 8 2 1 0 3 9 11 13 15 
0 0 0 0 10 12 10 8 2 1 0 3 9 11 13 15 
0 0 0 0 10 10 8 2 1 0 3 9 11 13 15 16 
0 0 0 0 11 12 10 8 2 1 0 3 9 11 11 11 
0 0 0 0 11 11 11 9 3 0 1 2 8 10 12 14 
0 0 0 0 11 14 12 10 8 2 1 0 3 9 11 13 
0 0 0 0 11 11 9 3 0 1 2 8 10 12 14 16 
0 0 0 0 14 12 10 8 2 1 0 3 9 11 13 15 
0 0 0 0 13 11 9 3 0 1 2 8 10 12 14 16 
0 0 0 0 12 10 8 2 1 15 13 11 9 3 0 1 
0 0 0 0 12 10 8 15 13 11 9 3 0 1 2 8 
0 0 0 0 12 15 13 11 9 3 0 1 2 8 10 12 
0 0 0 0 11 9 3 0 1 2 15 14 12 10 8 2 
0 0 0 0 11 9 3 0 1 2 8 10 12 14 15 16 
0 0 0 0 10 8 2 1 13 11 9 3 0 1 1 1 
0 0 0 0 10 8 13 11 9 3 0 1 1 1 2 8 
0 0 0 0 10 8 13 11 9 3 0 1 1 2 8 8 
0 0 0 0 10 8 13 11 9 3 0 1 2 8 8 8 
0 0 0 0 9 3 0 1 2 13 12 10 8 2 2 2 
0 0 0 0 9 3 0 1 2 2 2 8 10 12 13 14 
0 0 0 0 9 3 0 1 2 2 8 10 12 13 14 16 
0 0 0 0 9 3 0 1 2 8 15 14 13 12 10 8 
0 0 0 0 9 3 0 1 2 8 10 12 13 14 15 16 
0 0 0 0 8 11 9 3 0 1 1 1 1 2 8 8 
0 0 0 0 8 11 9 3 0 1 1 1 2 8 8 8 
0 0 0 0 8 11 9 3 0 1 1 2 8 8 8 8 
0 0 0 0 3 0 1 2 2 2 2 8 10 11 12 16 
0 0 0 0 3 0 1 2 2 2 8 15 12 11 10 8 
0 0 0 0 3 0 1 2 2 2 8 10 11 12 15 16 
0 0 0 0 3 0 1 2 2 8 14 12 11 10 8 8 
0 0 0 0 3 0 1 2 2 8 8 10 11 12 14 15 
0 0 0 0 3 0 1 2 2 8 10 11 12 14 15 16 
0 0 0 0 3 0 1 2 8 13 12 11 10 8 8 8 
0 0 0 0 3 0 1 2 8 8 8 10 11 12 13 14 
0 0 0 0 3 0 1 2 8 8 10 11 12 13 14 16 
0 0 0 0 3 0 1 2 8 10 15 14 13 12 11 10 
0 0 0 0 3 0 1 2 8 10 11 12 13 14 15 16 
0 0 0 0 0 1 2 2 2 2 8 14 10 9 8 8 
0 0 0 0 0 1 2 2 2 2 8 8 9 10 14 15 
0 0 0 0 0 1 2 2 2 2 8 9 10 14 15 16 
0 0 0 0 0 1 2 2 2 8 13 10 9 8 8 8 
0 0 0 0 0 1 2 2 2 8 8 8 9 10 13 14 
0 0 0 0 0 1 2 2 2 8 8 9 10 13 14 16 
0 0 0 0 0 1 2 2 2 8 9 15 14 13 10 9 
0 0 0 0 0 1 2 2 2 8 9 10 13 14 15 16 
0 0 0 0 0 1 2 2 8 8 8 8 9 10 12 13 
0 0 0 0 0 1 2 2 8 8 8 9 10 12 13 16 
0 0 0 0 0 1 2 2 8 8 9 15 13 12 10 9 
0 0 0 0 0 1 2 2 8 8 9 10 12 13 15 16 
0 0 0 0 0 1 2 2 8 9 14 13 12 10 9 9 
0 0 0 0 0 1 2 2 8 9 9 10 12 13 14 15 
0 0 0 0 0 1 2 2 8 9 10 12 13 14 15 16 
0 0 0 0 0 1 2 8 8 8 8 9 10 11 12 16 
0 0 0 0 0 1 2 8 8 8 9 15 12 11 10 9 
0 0 0 0 0 1 2 8 8 8 9 10 11 12 15 16 
0 0 0 0 0 1 2 8 8 9 14 12 11 10 9 9 
0 0 0 0 0 1 2 8 8 9 9 10 11 12 14 15 
0 0 0 0 0 1 2 8 8 9 10 11 12 14 15 16 
0 0 0 0 0 1 2 8 9 13 12 11 10 9 9 9 
0 0 0 0 0 1 2 8 9 9 9 10 11 12 13 14 
0 0 0 0 0 1 2 8 9 9 10 11 12 13 14 16 
0 0 0 0 0 1 2 8 9 10 15 14 13 12 11 10 
0 0 0 0 0 1 2 8 9 10 11 12 13 14 15 16 
0 0 0 1 1 1 3 3 3 11 7 2 1 0 3 12 
0 0 0 1 1 1 3 3 3 3 0 1 2 7 11 16 
0 0 0 1 1 1 3 3 11 12 3 0 1 2 7 11 
0 0 0 1 1 1 3 3 12 3 0 1 2 7 11 15 
0 0 0 1 1 1 3 3 3 0 1 2 15 11 7 2 
0 0 0 1 1 1 3 3 3 0 1 2 7 11 15 16 
0 0 0 1 1 1 3 11 12 3 0 1 2 7 11 11 
0 0 0 1 1 1 3 12 14 11 7 2 1 0 3 12 
0 0 0 1 1 1 3 14 11 7 2 1 0 3 12 15 
0 0 0 1 1 1 3 12 3 0 1 2 7 11 14 16 
0 0 0 1 1 1 3 3 0 1 2 14 11 7 2 2 
0 0 0 1 1 1 3 3 0 1 2 2 7 11 14 15 
0 0 0 1 1 1 3 3 0 1 2 7 11 14 15 16 
0 0 0 1 1 1 11 12 3 0 1 2 7 11 11 11 
0 0 0 1 1 1 12 13 11 7 2 1 0 3 12 12 
0 0 0 1 1 1 13 11 7 2 1 0 3 12 12 14 
0 0 0 1 1 1 12 12 3 0 1 2 7 11 13 15 
0 0 0 1 1 1 13 14 12 3 0 1 2 7 11 13 
0 0 0 1 1 1 14 12 3 0 1 2 7 11 13 15 
0 0 0 1 1 1 12 3 0 1 2 15 13 11 7 2 
0 0 0 1 1 1 12 3 0 1 2 7 11 13 15 16 
0 0 0 1 1 1 3 0 1 2 2 2 7 11 13 14 
0 0 0 1 1 1 3 0 1 2 2 7 11 13 14 16 
0 0 0 1 1 1 3 0 1 2 7 15 14 13 11 7 
0 0 0 1 1 1 3 0 1 2 7 11 13 14 15 16 
0 0 0 0 1 1 1 1 2 2 2 7 15 12 11 7 
0 0 0 0 1 1 1 1 2 2 2 7 11 12 15 16 
0 0 0 0 1 1 1 1 2 2 7 14 12 11 7 7 
0 0 0 0 1 1 1 1 2 2 7 7 11 12 14 15 
0 0 0 0 1 1 1 1 2 2 7 11 12 14 15 16 
0 0 0 0 1 1 1 1 2 7 13 12 11 7 7 7 
0 0 0 0 1 1 1 1 2 7 7 7 11 12 13 14 
0 0 0 0 1 1 1 1 2 7 7 11 12 13 14 16 
0 0 0 0 1 1 1 1 2 7 11 15 14 13 12 11 
0 0 0 0 1 1 1 1 2 7 11 12 13 14 15 16 
0 0 0 1 1 3 3 10 11 3 0 1 2 7 10 10 
0 0 0 1 1 3 3 11 14 10 7 2 1 0 3 11 
0 0 0 1 1 3 3 14 10 7 2 1 0 3 11 15 
0 0 0 1 1 3 3 11 3 0 1 2 7 10 14 16 
0 0 0 1 1 3 3 3 0 1 2 14 10 7 2 2 
0 0 0 1 1 3 3 3 0 1 2 2 7 10 14 15 
0 0 0 1 1 3 3 3 0 1 2 7 10 14 15 16 
0 0 0 1 1 3 10 11 3 0 1 2 7 10 10 10 
0 0 0 1 1 3 11 13 10 7 2 1 0 3 11 11 
0 0 0 1 1 3 13 10 7 2 1 0 3 11 11 14 
0 0 0 1 1 3 11 11 3 0 1 2 7 10 13 15 
0 0 0 1 1 3 13 14 11 3 0 1 2 7 10 13 
0 0 0 1 1 3 14 11 3 0 1 2 7 10 13 15 
0 0 0 1 1 3 11 3 0 1 2 15 13 10 7 2 
0 0 0 1 1 3 11 3 0 1 2 7 10 13 15 16 
0 0 0 1 1 3 3 0 1 2 13 10 7 2 2 2 
0 0 0 1 1 3 3 0 1 2 2 2 7 10 13 14 
0 0 0 1 1 3 3 0 1 2 2 7 10 13 14 16 
0 0 0 1 1 3 3 0 1 2 7 15 14 13 10 7 
0 0 0 1 1 3 3 0 1 2 7 10 13 14 15 16 
0 0 0 1 1 11 12 10 7 2 1 0 3 11 11 11 
0 0 0 1 1 12 10 7 2 1 0 3 11 11 11 13 
0 0 0 1 1 11 11 11 3 0 1 2 7 10 12 14 
0 0 0 1 1 12 11 13 11 3 0 1 2 7 10 12 
0 0 0 1 1 11 13 11 3 0 1 2 7 10 12 14 
0 0 0 1 1 11 11 3 0 1 2 14 12 10 7 2 
0 0 0 1 1 11 11 3 0 1 2 7 10 12 14 16 
0 0 0 1 1 12 13 11 3 0 1 2 7 10 12 12 
0 0 0 1 1 13 14 12 10 7 2 1 0 3 11 13 
0 0 0 1 1 14 12 10 7 2 1 0 3 11 13 15 
0 0 0 1 1 13 11 3 0 1 2 7 10 12 14 16 
0 0 0 1 1 11 3 0 1 2 14 12 10 7 2 2 
0 0 0 1 1 11 3 0 1 2 2 7 10 12 14 15 
0 0 0 1 1 11 3 0 1 2 7 10 12 14 15 16 
0 0 0 1 1 3 0 1 2 2 2 2 7 10 12 13 
0 0 0 1 1 3 0 1 2 2 2 7 10 12 13 16 
0 0 0 1 1 3 0 1 2 2 7 15 13 12 10 7 
0 0 0 1 1 3 0 1 2 2 7 10 12 13 15 16 
0 0 0 1 1 3 0 1 2 7 14 13 12 10 7 7 
0 0 0 1 1 3 0 1 2 7 7 10 12 13 14 15 
0 0 0 1 1 3 0 1 2 7 10 12 13 14 15 16 
0 0 0 0 1 1 1 2 2 2 2 7 15 11 10 7 
0 0 0 0 1 1 1 2 2 2 2 7 10 11 15 16 
0 0 0 0 1 1 1 2 2 2 7 14 11 10 7 7 
0 0 0 0 1 1 1 2 2 2 7 7 10 11 14 15 
0 0 0 0 1 1 1 2 2 2 7 10 11 14 15 16 
0 0 0 0 1 1 1 2 2 7 13 11 10 7 7 7 
0 0 0 0 1 1 1 2 2 7 7 7 10 11 13 14 
0 0 0 0 1 1 1 2 2 7 7 10 11 13 14 16 
0 0 0 0 1 1 1 2 2 7 10 15 14 13 11 10 
0 0 0 0 1 1 1 2 2 7 10 11 13 14 15 16 
0 0 0 0 1 1 1 2 7 7 7 7 10 11 12 13 
0 0 0 0 1 1 1 2 7 7 7 10 11 12 13 16 
0 0 0 0 1 1 1 2 7 7 10 15 13 12 11 10 
0 0 0 0 1 1 1 2 7 7 10 11 12 13 15 16 
0 0 0 0 1 1 1 2 7 10 14 13 12 11 10 10 
0 0 0 0 1 1 1 2 7 10 10 11 12 13 14 15 
0 0 0 0 1 1 1 2 7 10 11 12 13 14 15 16 
0 0 0 1 3 3 10 13 9 7 2 1 0 3 10 10 
0 0 0 1 3 3 13 9 7 2 1 0 3 10 10 14 
0 0 0 1 3 3 10 10 3 0 1 2 7 9 13 15 
0 0 0 1 3 3 13 14 10 3 0 1 2 7 9 13 
0 0 0 1 3 3 14 10 3 0 1 2 7 9 13 15 
0 0 0 1 3 3 10 3 0 1 2 15 13 9 7 2 
0 0 0 1 3 3 10 3 0 1 2 7 9 13 15 16 
0 0 0 1 3 3 3 0 1 2 13 9 7 2 2 2 
0 0 0 1 3 3 3 0 1 2 2 2 7 9 13 14 
0 0 0 1 3 3 3 0 1 2 2 7 9 13 14 16 
0 0 0 1 3 3 3 0 1 2 7 15 14 13 9 7 
0 0 0 1 3 3 3 0 1 2 7 9 13 14 15 16 
0 0 0 1 3 10 12 9 7 2 1 0 3 10 10 10 
0 0 0 1 3 12 9 7 2 1 0 3 10 10 10 13 
0 0 0 1 3 10 10 10 3 0 1 2 7 9 12 14 
0 0 0 1 3 12 10 13 10 3 0 1 2 7 9 12 
0 0 0 1 3 10 13 10 3 0 1 2 7 9 12 14 
0 0 0 1 3 10 10 3 0 1 2 14 12 9 7 2 
0 0 0 1 3 10 10 3 0 1 2 7 9 12 14 16 
0 0 0 1 3 12 13 10 3 0 1 2 7 9 12 12 
0 0 0 1 3 13 14 12 9 7 2 1 0 3 10 13 
0 0 0 1 3 14 12 9 7 2 1 0 3 10 13 15 
0 0 0 1 3 13 10 3 0 1 2 7 9 12 14 16 
0 0 0 1 3 10 3 0 1 2 14 12 9 7 2 2 
0 0 0 1 3 10 3 0 1 2 2 7 9 12 14 15 
0 0 0 1 3 10 3 0 1 2 7 9 12 14 15 16 
0 0 0 1 3 3 0 1 2 2 2 2 7 9 12 13 
0 0 0 1 3 3 0 1 2 2 2 7 9 12 13 16 
0 0 0 1 3 3 0 1 2 2 7 15 13 12 9 7 
0 0 0 1 3 3 0 1 2 2 7 9 12 13 15 16 
0 0 0 1 3 3 0 1 2 7 14 13 12 9 7 7 
0 0 0 1 3 3 0 1 2 7 7 9 12 13 14 15 
0 0 0 1 3 3 0 1 2 7 9 12 13 14 15 16 
0 0 0 1 11 9 7 2 1 0 3 10 10 10 10 12 
0 0 0 1 10 10 10 10 3 0 1 2 7 9 11 13 
0 0 0 1 11 10 10 12 10 3 0 1 2 7 9 11 
0 0 0 1 10 10 12 10 3 0 1 2 7 9 11 13 
0 0 0 1 10 10 10 3 0 1 2 13 11 9 7 2 
0 0 0 1 10 10 10 3 0 1 2 7 9 11 13 16 
0 0 0 1 11 10 12 10 3 0 1 2 7 9 11 11 
0 0 0 1 10 12 13 11 9 7 2 1 0 3 10 12 
0 0 0 1 10 13 11 9 7 2 1 0 3 10 12 15 
0 0 0 1 10 12 10 3 0 1 2 7 9 11 13 16 
0 0 0 1 10 10 3 0 1 2 13 11 9 7 2 2 
0 0 0 1 10 10 3 0 1 2 2 7 9 11 13 15 
0 0 0 1 10 10 3 0 1 2 7 9 11 13 15 16 
0 0 0 1 11 12 10 3 0 1 2 7 9 11 11 11 
0 0 0 1 12 13 11 9 7 2 1 0 3 10 12 12 
0 0 0 1 13 11 9 7 2 1 0 3 10 12 12 14 
0 0 0 1 12 12 10 3 0 1 2 7 9 11 13 15 
0 0 0 1 13 14 12 10 3 0 1 2 7 9 11 13 
0 0 0 1 14 12 10 3 0 1 2 7 9 11 13 15 
0 0 0 1 12 10 3 0 1 2 15 13 11 9 7 2 
0 0 0 1 12 10 3 0 1 2 7 9 11 13 15 16 
0 0 0 1 10 3 0 1 2 13 11 9 7 2 2 2 
0 0 0 1 10 3 0 1 2 2 2 7 9 11 13 14 
0 0 0 1 10 3 0 1 2 2 7 9 11 13 14 16 
0 0 0 1 10 3 0 1 2 7 15 14 13 11 9 7 
0 0 0 1 10 3 0 1 2 7 9 11 13 14 15 16 
0 0 0 1 3 0 1 2 2 2 2 7 9 11 12 16 
0 0 0 1 3 0 1 2 2 2 7 15 12 11 9 7 
0 0 0 1 3 0 1 2 2 2 7 9 11 12 15 16 
0 0 0 1 3 0 1 2 2 7 14 12 11 9 7 7 
0 0 0 1 3 0 1 2 2 7 7 9 11 12 14 15 
0 0 0 1 3 0 1 2 2 7 9 11 12 14 15 16 
0 0 0 1 3 0 1 2 7 13 12 11 9 7 7 7 
0 0 0 1 3 0 1 2 7 7 7 9 11 12 13 14 
0 0 0 1 3 0 1 2 7 7 9 11 12 13 14 16 
0 0 0 1 3 0 1 2 7 9 15 14 13 12 11 9 
0 0 0 1 3 0 1 2 7 9 11 12 13 14 15 16 
0 0 0 0 1 1 2 2 2 2 7 9 10 14 15 16 
0 0 0 0 1 1 2 2 2 7 13 10 9 7 7 7 
0 0 0 0 1 1 2 2 2 7 7 7 9 10 13 14 
0 0 0 0 1 1 2 2 2 7 7 9 10 13 14 16 
0 0 0 0 1 1 2 2 2 7 9 15 14 13 10 9 
0 0 0 0 1 1 2 2 2 7 9 10 13 14 15 16 
0 0 0 0 1 1 2 2 7 7 7 7 9 10 12 13 
0 0 0 0 1 1 2 2 7 7 7 9 10 12 13 16 
0 0 0 0 1 1 2 2 7 7 9 15 13 12 10 9 
0 0 0 0 1 1 2 2 7 7 9 10 12 13 15 16 
0 0 0 0 1 1 2 2 7 9 14 13 12 10 9 9 
0 0 0 0 1 1 2 2 7 9 9 10 12 13 14 15 
0 0 0 0 1 1 2 2 7 9 10 12 13 14 15 16 
0 0 0 0 1 1 2 7 7 7 7 9 10 11 12 16 
0 0 0 0 1 1 2 7 7 7 9 15 12 11 10 9 
0 0 0 0 1 1 2 7 7 7 9 10 11 12 15 16 
0 0 0 0 1 1 2 7 7 9 14 12 11 10 9 9 
0 0 0 0 1 1 2 7 7 9 9 10 11 12 14 15 
0 0 0 0 1 1 2 7 7 9 10 11 12 14 15 16 
0 0 0 0 1 1 2 7 9 13 12 11 10 9 9 9 
0 0 0 0 1 1 2 7 9 9 9 10 11 12 13 14 
0 0 0 0 1 1 2 7 9 9 10 11 12 13 14 16 
0 0 0 0 1 1 2 7 9 10 15 14 13 12 11 10 
0 0 0 0 1 1 2 7 9 10 11 12 13 14 15 16 
0 0 0 2 2 1 1 11 8 3 0 1 2 7 7 7 
0 0 0 2 2 1 1 7 7 2 1 0 3 8 11 14 
0 0 0 2 2 1 1 14 11 8 3 0 1 2 7 15 
0 0 0 2 2 1 1 7 2 1 0 3 8 11 14 16 
0 0 0 2 2 2 1 1 1 0 3 8 11 14 15 16 
0 0 0 2 2 1 7 7 7 2 1 0 3 8 11 13 
0 0 0 2 2 1 7 13 11 8 3 0 1 2 7 14 
0 0 0 2 2 1 7 7 2 1 0 3 8 11 13 16 
0 0 0 2 2 1 13 14 7 2 1 0 3 8 11 13 
0 0 0 2 2 1 14 7 2 1 0 3 8 11 13 15 
0 0 0 2 2 1 7 2 1 0 3 8 11 13 15 16 
0 0 0 2 2 2 1 1 0 3 8 15 14 13 11 8 
0 0 0 2 2 2 1 1 0 3 8 11 13 14 15 16 
0 0 0 2 2 2 7 7 7 2 1 0 3 8 11 13 
0 0 0 2 2 2 7 13 11 8 3 0 1 2 7 14 
0 0 0 2 2 2 7 7 2 1 0 3 8 11 13 16 
0 0 0 2 2 2 13 14 7 2 1 0 3 8 11 13 
0 0 0 2 2 2 14 7 2 1 0 3 8 11 13 15 
0 0 0 2 2 2 7 2 1 0 3 8 11 13 15 16 
0 0 0 2 2 2 2 1 0 3 8 15 14 13 11 8 
0 0 0 2 2 2 2 1 0 3 8 11 13 14 15 16 
0 0 0 2 2 7 7 14 11 8 3 0 1 2 7 12 
0 0 0 2 2 7 7 7 2 1 0 3 8 11 14 16 
0 0 0 2 2 7 11 12 7 2 1 0 3 8 11 11 
0 0 0 2 2 7 12 14 11 8 3 0 1 2 7 12 
0 0 0 2 2 7 14 11 8 3 0 1 2 7 12 15 
0 0 0 2 2 7 12 7 2 1 0 3 8 11 14 16 
0 0 0 2 2 7 7 2 1 0 3 8 11 14 15 16 
0 0 0 2 2 11 12 7 2 1 0 3 8 11 11 11 
0 0 0 2 2 12 13 11 8 3 0 1 2 7 12 12 
0 0 0 2 2 13 11 8 3 0 1 2 7 12 12 14 
0 0 0 2 2 12 12 7 2 1 0 3 8 11 13 15 
0 0 0 2 2 13 14 12 7 2 1 0 3 8 11 13 
0 0 0 2 2 14 12 7 2 1 0 3 8 11 13 15 
0 0 0 2 2 12 7 2 1 0 3 8 11 13 15 16 
0 0 0 2 2 7 2 1 0 3 8 11 13 14 15 16 
0 0 0 2 2 2 1 0 3 8 14 13 12 11 8 8 
0 0 0 2 2 2 1 0 3 8 8 11 12 13 14 15 
0 0 0 2 2 2 1 0 3 8 11 12 13 14 15 16 
0 0 0 2 1 7 7 12 10 8 3 0 1 2 7 13 
0 0 0 2 1 7 7 7 2 1 0 3 8 10 12 16 
0 0 0 2 1 7 12 10 8 3 0 1 13 7 2 1 
0 0 0 2 1 7 12 13 7 2 1 0 3 8 10 12 
0 0 0 2 1 7 13 7 2 1 0 3 8 10 12 15 
0 0 0 2 1 7 7 2 1 15 12 10 8 3 0 1 
0 0 0 2 1 7 7 2 1 0 3 8 10 12 15 16 
0 0 0 2 1 12 13 7 2 1 1 0 3 8 10 12 
0 0 0 2 1 12 13 7 2 1 0 3 8 10 12 12 
0 0 0 2 1 13 14 12 10 8 3 0 1 2 7 13 
0 0 0 2 1 14 12 10 8 3 0 1 2 7 13 15 
0 0 0 2 1 13 7 2 1 0 3 8 10 12 14 16 
0 0 0 2 1 7 2 1 1 0 3 8 10 12 14 15 
0 0 0 2 1 7 2 1 0 3 8 10 12 14 15 16 
0 0 0 2 2 1 1 1 0 3 8 15 13 12 10 8 
0 0 0 2 2 1 1 1 0 3 8 10 12 13 15 16 
0 0 0 2 2 1 1 0 3 8 14 13 12 10 8 8 
0 0 0 2 2 1 1 0 3 8 8 10 12 13 14 15 
0 0 0 2 2 1 1 0 3 8 10 12 13 14 15 16 
0 0 0 2 7 7 12 10 8 3 0 1 2 7 11 11 
0 0 0 2 7 7 11 7 2 1 0 3 8 10 12 15 
0 0 0 2 7 7 7 2 1 0 3 8 10 12 15 16 
0 0 0 2 7 12 10 8 3 0 1 2 7 11 11 11 
0 0 0 2 7 11 11 7 2 1 0 3 8 10 12 14 
0 0 0 2 7 14 12 10 8 3 0 1 2 7 11 15 
0 0 0 2 7 11 7 2 1 0 3 8 10 12 14 16 
0 0 0 2 7 7 2 1 0 3 8 10 12 14 15 16 
0 0 0 2 11 12 10 8 3 0 1 2 7 11 11 11 
0 0 0 2 12 10 8 3 0 1 2 7 11 11 11 13 
0 0 0 2 11 11 11 7 2 1 0 3 8 10 12 14 
0 0 0 2 12 11 13 11 7 2 1 0 3 8 10 12 
0 0 0 2 11 13 11 7 2 1 0 3 8 10 12 14 
0 0 0 2 11 11 7 2 1 0 3 8 10 12 14 16 
0 0 0 2 12 13 11 7 2 1 0 3 8 10 12 12 
0 0 0 2 13 14 12 10 8 3 0 1 2 7 11 13 
0 0 0 2 14 12 10 8 3 0 1 2 7 11 13 15 
0 0 0 2 13 11 7 2 1 0 3 8 10 12 14 16 
0 0 0 2 11 7 2 1 0 3 8 10 12 14 15 16 
0 0 0 2 7 2 1 0 3 8 15 14 13 12 10 8 
0 0 0 2 7 2 1 0 3 8 10 12 13 14 15 16 
0 0 0 2 2 1 0 3 8 8 8 10 11 12 13 14 
0 0 0 2 2 1 0 3 8 8 10 11 12 13 14 16 
0 0 0 2 2 1 0 3 8 10 15 14 13 12 11 10 
0 0 0 2 2 1 0 3 8 10 11 12 13 14 15 16 
0 0 0 3 3 12 13 8 3 0 1 2 7 9 12 12 
0 0 0 3 3 13 14 12 9 7 2 1 0 3 8 13 
0 0 0 3 3 14 12 9 7 2 1 0 3 8 13 15 
0 0 0 3 3 13 8 3 0 1 2 7 9 12 14 16 
0 0 0 3 3 8 3 0 1 2 14 12 9 7 2 2 
0 0 0 3 3 8 3 0 1 2 2 7 9 12 14 15 
0 0 0 3 3 8 3 0 1 2 7 9 12 14 15 16 
0 0 0 3 3 3 0 1 2 2 2 7 9 12 13 16 
0 0 0 3 3 3 0 1 2 2 7 15 13 12 9 7 
0 0 0 3 3 3 0 1 2 2 7 9 12 13 15 16 
0 0 0 3 3 3 0 1 2 7 14 13 12 9 7 7 
0 0 0 3 3 3 0 1 2 7 7 9 12 13 14 15 
0 0 0 3 3 3 0 1 2 7 9 12 13 14 15 16 
0 0 0 3 11 12 8 3 0 1 2 7 9 11 11 11 
0 0 0 3 12 13 11 9 7 2 1 0 3 8 12 12 
0 0 0 3 13 11 9 7 2 1 0 3 8 12 12 14 
0 0 0 3 12 12 8 3 0 1 2 7 9 11 13 15 
0 0 0 3 13 14 12 8 3 0 1 2 7 9 11 13 
0 0 0 3 14 12 8 3 0 1 2 7 9 11 13 15 
0 0 0 3 12 8 3 0 1 2 15 13 11 9 7 2 
0 0 0 3 12 8 3 0 1 2 7 9 11 13 15 16 
0 0 0 3 8 3 0 1 2 2 2 7 9 11 13 14 
0 0 0 3 8 3 0 1 2 2 7 9 11 13 14 16 
0 0 0 3 8 3 0 1 2 7 15 14 13 11 9 7 
0 0 0 3 8 3 0 1 2 7 9 11 13 14 15 16 
0 0 0 3 3 0 1 2 2 2 7 15 12 11 9 7 
0 0 0 3 3 0 1 2 2 2 7 9 11 12 15 16 
0 0 0 3 3 0 1 2 2 7 14 12 11 9 7 7 
0 0 0 3 3 0 1 2 2 7 7 9 11 12 14 15 
0 0 0 3 3 0 1 2 2 7 9 11 12 14 15 16 
0 0 0 3 3 0 1 2 7 13 12 11 9 7 7 7 
0 0 0 3 3 0 1 2 7 7 7 9 11 12 13 14 
0 0 0 3 3 0 1 2 7 7 9 11 12 13 14 16 
0 0 0 3 3 0 1 2 7 9 15 14 13 12 11 9 
0 0 0 3 3 0 1 2 7 9 11 12 13 14 15 16 
0 0 0 9 9 9 9 7 2 1 12 10 8 3 0 1 
0 0 0 9 9 9 12 10 8 3 0 1 2 7 9 11 
0 0 0 9 9 9 9 7 2 1 0 3 8 10 12 16 
0 0 0 9 9 9 7 2 1 12 10 8 3 0 1 1 
0 0 0 9 9 9 7 12 10 8 3 0 1 1 2 7 
0 0 0 9 9 9 7 12 10 8 3 0 1 2 7 7 
0 0 0 9 9 9 7 7 2 1 0 3 8 10 12 15 
0 0 0 9 9 12 10 8 3 0 1 2 7 9 11 11 
0 0 0 9 9 11 9 7 2 1 0 3 8 10 12 15 
0 0 0 9 9 9 7 2 1 0 3 8 10 12 15 16 
0 0 0 9 9 7 12 10 8 3 0 1 1 1 2 7 
0 0 0 9 9 7 12 10 8 3 0 1 1 2 7 7 
0 0 0 9 7 14 12 10 8 3 0 1 2 7 9 11 
0 0 0 9 9 7 7 2 1 0 3 8 10 12 14 16 
0 0 0 9 11 9 7 2 1 14 12 10 8 3 0 1 
0 0 0 9 11 14 12 10 8 3 0 1 2 7 9 11 
0 0 0 9 14 12 10 8 3 0 1 2 7 9 11 15 
0 0 0 9 11 9 7 2 1 0 3 8 10 12 14 16 
0 0 0 9 9 7 2 1 0 3 8 10 12 14 15 16 
0 0 0 10 10 10 10 8 3 0 1 2 7 9 11 13 
0 0 0 10 10 13 11 9 7 2 1 0 3 8 10 12 
0 0 0 10 10 10 8 3 0 1 2 7 9 11 13 16 
0 0 0 10 12 10 8 3 0 1 2 7 9 11 13 15 
0 0 0 10 10 8 3 0 1 2 15 13 11 9 7 2 
0 0 0 10 10 8 3 0 1 2 7 9 11 13 15 16 
0 0 0 13 14 12 10 8 3 0 1 2 7 9 11 13 
0 0 0 14 12 10 8 3 0 1 2 7 9 11 13 15 
0 0 0 13 11 9 7 2 1 0 3 8 10 12 14 16 
0 0 0 12 10 8 3 0 1 2 7 9 11 13 15 16 
0 0 0 11 9 7 2 1 14 12 10 8 3 0 1 1 
0 0 0 11 9 7 14 12 10 8 3 0 1 1 2 7 
0 0 0 11 14 12 10 8 3 0 1 1 2 7 9 11 
0 0 0 11 9 7 14 12 10 8 3 0 1 2 7 7 
0 0 0 11 14 12 10 8 3 0 1 2 7 7 9 11 
0 0 0 11 14 12 10 8 3 0 1 2 7 9 11 11 
0 0 0 10 8 3 0 1 2 14 13 11 9 7 2 2 
0 0 0 10 8 3 0 1 2 2 7 9 11 13 14 15 
0 0 0 10 8 3 0 1 2 7 9 11 13 14 15 16 
0 0 0 9 7 12 10 8 3 0 1 1 1 2 7 7 
0 0 0 9 7 12 10 8 3 0 1 1 2 7 7 7 
0 0 0 8 3 0 1 2 2 2 7 9 11 12 13 16 
0 0 0 8 3 0 1 2 2 7 15 13 12 11 9 7 
0 0 0 8 3 0 1 2 2 7 9 11 12 13 15 16 
0 0 0 8 3 0 1 2 7 14 13 12 11 9 7 7 
0 0 0 8 3 0 1 2 7 7 9 11 12 13 14 15 
0 0 0 8 3 0 1 2 7 9 11 12 13 14 15 16 
0 0 0 3 0 1 2 2 2 7 14 11 10 9 7 7 
0 0 0 3 0 1 2 2 2 7 7 9 10 11 14 15 
0 0 0 3 0 1 2 2 2 7 9 10 11 14 15 16 
0 0 0 3 0 1 2 2 7 7 7 9 10 11 13 14 
0 0 0 3 0 1 2 2 7 7 9 10 11 13 14 16 
0 0 0 3 0 1 2 2 7 9 15 14 13 11 10 9 
0 0 0 3 0 1 2 2 7 9 10 11 13 14 15 16 
0 0 0 3 0 1 2 7 7 7 9 10 11 12 13 16 
0 0 0 3 0 1 2 7 7 9 15 13 12 11 10 9 
0 0 0 3 0 1 2 7 7 9 10 11 12 13 15 16 
0 0 0 3 0 1 2 7 9 14 13 12 11 10 9 9 
0 0 0 3 0 1 2 7 9 9 10 11 12 13 14 15 
0 0 0 3 0 1 2 7 9 10 11 12 13 14 15 16 
0 0 0 0 1 2 2 2 7 7 7 8 9 12 13 16 
0 0 0 0 1 2 2 2 7 7 8 15 13 12 9 8 
0 0 0 0 1 2 2 2 7 7 8 9 12 13 15 16 
0 0 0 0 1 2 2 2 7 8 14 13 12 9 8 8 
0 0 0 0 1 2 2 2 7 8 8 9 12 13 14 15 
0 0 0 0 1 2 2 2 7 8 9 12 13 14 15 16 
0 0 0 0 1 2 2 7 7 7 8 15 12 11 9 8 
0 0 0 0 1 2 2 7 7 7 8 9 11 12 15 16 
0 0 0 0 1 2 2 7 7 8 14 12 11 9 8 8 
0 0 0 0 1 2 2 7 7 8 8 9 11 12 14 15 
0 0 0 0 1 2 2 7 7 8 9 11 12 14 15 16 
0 0 0 0 1 2 2 7 8 8 8 9 11 12 13 14 
0 0 0 0 1 2 2 7 8 8 9 11 12 13 14 16 
0 0 0 0 1 2 2 7 8 9 15 14 13 12 11 9 
0 0 0 0 1 2 2 7 8 9 11 12 13 14 15 16 
0 0 0 0 1 2 7 7 7 8 14 11 10 9 8 8 
0 0 0 0 1 2 7 7 7 8 8 9 10 11 14 15 
0 0 0 0 1 2 7 7 7 8 9 10 11 14 15 16 
0 0 0 0 1 2 7 7 8 8 8 9 10 11 13 14 
0 0 0 0 1 2 7 7 8 8 9 10 11 13 14 16 
0 0 0 0 1 2 7 7 8 9 15 14 13 11 10 9 
0 0 0 0 1 2 7 7 8 9 10 11 13 14 15 16 
0 0 0 0 1 2 7 8 8 8 9 10 11 12 13 16 
0 0 0 0 1 2 7 8 8 9 15 13 12 11 10 9 
0 0 0 0 1 2 7 8 8 9 10 11 12 13 15 16 
0 0 0 0 1 2 7 8 9 14 13 12 11 10 9 9 
0 0 0 0 1 2 7 8 9 9 10 11 12 13 14 15 
0 0 0 0 1 2 7 8 9 10 11 12 13 14 15 16 
0 0 1 1 3 3 10 13 9 6 2 1 0 3 10 10 
0 0 1 1 3 3 13 9 6 2 1 0 3 10 10 14 
0 0 1 1 3 3 10 10 3 0 1 2 6 9 13 15 
0 0 1 1 3 3 13 14 10 3 0 1 2 6 9 13 
0 0 1 1 3 3 14 10 3 0 1 2 6 9 13 15 
0 0 1 1 3 3 10 3 0 1 2 15 13 9 6 2 
0 0 1 1 3 3 10 3 0 1 2 6 9 13 15 16 
0 0 1 1 3 3 3 0 1 2 2 6 9 13 14 16 
0 0 1 1 3 3 3 0 1 2 6 15 14 13 9 6 
0 0 1 1 3 3 3 0 1 2 6 9 13 14 15 16 
0 0 1 1 3 12 9 6 2 1 0 3 10 10 10 13 
0 0 1 1 3 10 10 10 3 0 1 2 6 9 12 14 
0 0 1 1 3 12 10 13 10 3 0 1 2 6 9 12 
0 0 1 1 3 10 13 10 3 0 1 2 6 9 12 14 
0 0 1 1 3 10 10 3 0 1 2 14 12 9 6 2 
0 0 1 1 3 10 10 3 0 1 2 6 9 12 14 16 
0 0 1 1 3 12 13 10 3 0 1 2 6 9 12 12 
0 0 1 1 3 13 14 12 9 6 2 1 0 3 10 13 
0 0 1 1 3 14 12 9 6 2 1 0 3 10 13 15 
0 0 1 1 3 13 10 3 0 1 2 6 9 12 14 16 
0 0 1 1 3 10 3 0 1 2 2 6 9 12 14 15 
0 0 1 1 3 10 3 0 1 2 6 9 12 14 15 16 
0 0 1 1 3 3 0 1 2 2 6 15 13 12 9 6 
0 0 1 1 3 3 0 1 2 2 6 9 12 13 15 16 
0 0 1 1 3 3 0 1 2 6 14 13 12 9 6 6 
0 0 1 1 3 3 0 1 2 6 6 9 12 13 14 15 
0 0 1 1 3 3 0 1 2 6 9 12 13 14 15 16 
0 0 1 1 11 10 10 12 10 3 0 1 2 6 9 11 
0 0 1 1 10 10 12 10 3 0 1 2 6 9 11 13 
0 0 1 1 10 10 10 3 0 1 2 13 11 9 6 2 
0 0 1 1 10 10 10 3 0 1 2 6 9 11 13 16 
0 0 1 1 11 10 12 10 3 0 1 2 6 9 11 11 
0 0 1 1 10 12 13 11 9 6 2 1 0 3 10 12 
0 0 1 1 10 13 11 9 6 2 1 0 3 10 12 15 
0 0 1 1 10 12 10 3 0 1 2 6 9 11 13 16 
0 0 1 1 10 10 3 0 1 2 2 6 9 11 13 15 
0 0 1 1 10 10 3 0 1 2 6 9 11 13 15 16 
0 0 1 1 12 13 11 9 6 2 1 0 3 10 12 12 
0 0 1 1 13 11 9 6 2 1 0 3 10 12 12 14 
0 0 1 1 12 12 10 3 0 1 2 6 9 11 13 15 
0 0 1 1 13 14 12 10 3 0 1 2 6 9 11 13 
0 0 1 1 14 12 10 3 0 1 2 6 9 11 13 15 
0 0 1 1 12 10 3 0 1 2 15 13 11 9 6 2 
0 0 1 1 12 10 3 0 1 2 6 9 11 13 15 16 
0 0 1 1 10 3 0 1 2 2 6 9 11 13 14 16 
0 0 1 1 10 3 0 1 2 6 15 14 13 11 9 6 
0 0 1 1 10 3 0 1 2 6 9 11 13 14 15 16 
0 0 1 1 3 0 1 2 2 6 14 12 11 9 6 6 
0 0 1 1 3 0 1 2 2 6 6 9 11 12 14 15 
0 0 1 1 3 0 1 2 2 6 9 11 12 14 15 16 
0 0 1 1 3 0 1 2 6 6 6 9 11 12 13 14 
0 0 1 1 3 0 1 2 6 6 9 11 12 13 14 16 
0 0 1 1 3 0 1 2 6 9 15 14 13 12 11 9 
0 0 1 1 3 0 1 2 6 9 11 12 13 14 15 16 
0 0 0 1 1 1 2 2 6 6 6 9 10 12 13 16 
0 0 0 1 1 1 2 2 6 6 9 15 13 12 10 9 
0 0 0 1 1 1 2 2 6 6 9 10 12 13 15 16 
0 0 0 1 1 1 2 2 6 9 14 13 12 10 9 9 
0 0 0 1 1 1 2 2 6 9 9 10 12 13 14 15 
0 0 0 1 1 1 2 2 6 9 10 12 13 14 15 16 
0 0 0 1 1 1 2 6 6 6 9 15 12 11 10 9 
0 0 0 1 1 1 2 6 6 6 9 10 11 12 15 16 
0 0 0 1 1 1 2 6 6 9 14 12 11 10 9 9 
0 0 0 1 1 1 2 6 6 9 9 10 11 12 14 15 
0 0 0 1 1 1 2 6 6 9 10 11 12 14 15 16 
0 0 0 1 1 1 2 6 9 9 9 10 11 12 13 14 
0 0 0 1 1 1 2 6 9 9 10 11 12 13 14 16 
0 0 0 1 1 1 2 6 9 10 15 14 13 12 11 10 
0 0 0 1 1 1 2 6 9 10 11 12 13 14 15 16 
0 0 1 3 11 9 9 12 9 3 0 1 2 6 8 11 
0 0 1 3 9 9 12 9 3 0 1 2 6 8 11 13 
0 0 1 3 9 9 9 3 0 1 2 13 11 8 6 2 
0 0 1 3 9 9 9 3 0 1 2 6 8 11 13 16 
0 0 1 3 11 9 12 9 3 0 1 2 6 8 11 11 
0 0 1 3 9 12 13 11 8 6 2 1 0 3 9 12 
0 0 1 3 9 13 11 8 6 2 1 0 3 9 12 15 
0 0 1 3 9 12 9 3 0 1 2 6 8 11 13 16 
0 0 1 3 9 9 3 0 1 2 13 11 8 6 2 2 
0 0 1 3 9 9 3 0 1 2 2 6 8 11 13 15 
0 0 1 3 9 9 3 0 1 2 6 8 11 13 15 16 
0 0 1 3 12 13 11 8 6 2 1 0 3 9 12 12 
0 0 1 3 13 11 8 6 2 1 0 3 9 12 12 14 
0 0 1 3 12 12 9 3 0 1 2 6 8 11 13 15 
0 0 1 3 13 14 12 9 3 0 1 2 6 8 11 13 
0 0 1 3 14 12 9 3 0 1 2 6 8 11 13 15 
0 0 1 3 12 9 3 0 1 2 15 13 11 8 6 2 
0 0 1 3 12 9 3 0 1 2 6 8 11 13 15 16 
0 0 1 3 9 3 0 1 2 2 2 6 8 11 13 14 
0 0 1 3 9 3 0 1 2 2 6 8 11 13 14 16 
0 0 1 3 9 3 0 1 2 6 15 14 13 11 8 6 
0 0 1 3 9 3 0 1 2 6 8 11 13 14 15 16 
0 0 1 3 3 0 1 2 2 2 6 8 11 12 15 16 
0 0 1 3 3 0 1 2 2 6 14 12 11 8 6 6 
0 0 1 3 3 0 1 2 2 6 6 8 11 12 14 15 
0 0 1 3 3 0 1 2 2 6 8 11 12 14 15 16 
0 0 1 3 3 0 1 2 6 6 6 8 11 12 13 14 
0 0 1 3 3 0 1 2 6 6 8 11 12 13 14 16 
0 0 1 3 3 0 1 2 6 8 15 14 13 12 11 8 
0 0 1 3 3 0 1 2 6 8 11 12 13 14 15 16 
0 0 1 9 9 11 12 10 8 6 2 1 0 3 9 11 
0 0 1 9 9 12 10 8 6 2 1 0 3 9 11 15 
0 0 1 9 9 11 9 3 0 1 2 6 8 10 12 16 
0 0 1 9 9 9 3 0 1 2 12 10 8 6 2 2 
0 0 1 9 9 9 3 0 1 2 2 6 8 10 12 15 
0 0 1 9 9 9 3 0 1 2 6 8 10 12 15 16 
0 0 1 9 11 12 10 8 6 2 1 0 3 9 11 11 
0 0 1 9 12 10 8 6 2 1 0 3 9 11 11 14 
0 0 1 9 11 11 9 3 0 1 2 6 8 10 12 15 
0 0 1 9 12 14 11 9 3 0 1 2 6 8 10 12 
0 0 1 9 14 11 9 3 0 1 2 6 8 10 12 15 
0 0 1 9 11 9 3 0 1 2 15 12 10 8 6 2 
0 0 1 9 11 9 3 0 1 2 6 8 10 12 15 16 
0 0 1 9 9 3 0 1 2 2 2 6 8 10 12 14 
0 0 1 9 9 3 0 1 2 2 6 8 10 12 14 16 
0 0 1 9 9 3 0 1 2 6 15 14 12 10 8 6 
0 0 1 9 9 3 0 1 2 6 8 10 12 14 15 16 
0 0 1 12 10 8 6 2 1 0 3 9 11 11 11 13 
0 0 1 11 11 11 9 3 0 1 2 6 8 10 12 14 
0 0 1 12 11 13 11 9 3 0 1 2 6 8 10 12 
0 0 1 11 13 11 9 3 0 1 2 6 8 10 12 14 
0 0 1 11 11 9 3 0 1 2 14 12 10 8 6 2 
0 0 1 11 11 9 3 0 1 2 6 8 10 12 14 16 
0 0 1 12 13 11 9 3 0 1 2 6 8 10 12 12 
0 0 1 13 14 12 10 8 6 2 1 0 3 9 11 13 
0 0 1 14 12 10 8 6 2 1 0 3 9 11 13 15 
0 0 1 13 11 9 3 0 1 2 6 8 10 12 14 16 
0 0 1 11 9 3 0 1 2 14 12 10 8 6 2 2 
0 0 1 11 9 3 0 1 2 2 6 8 10 12 14 15 
0 0 1 11 9 3 0 1 2 6 8 10 12 14 15 16 
0 0 1 9 3 0 1 2 2 2 6 8 10 12 13 16 
0 0 1 9 3 0 1 2 2 6 15 13 12 10 8 6 
0 0 1 9 3 0 1 2 2 6 8 10 12 13 15 16 
0 0 1 9 3 0 1 2 6 14 13 12 10 8 6 6 
0 0 1 9 3 0 1 2 6 6 8 10 12 13 14 15 
0 0 1 9 3 0 1 2 6 8 10 12 13 14 15 16 
0 0 1 3 0 1 2 2 2 6 8 10 11 14 15 16 
0 0 1 3 0 1 2 2 6 6 6 8 10 11 13 14 
0 0 1 3 0 1 2 2 6 6 8 10 11 13 14 16 
0 0 1 3 0 1 2 2 6 8 15 14 13 11 10 8 
0 0 1 3 0 1 2 2 6 8 10 11 13 14 15 16 
0 0 1 3 0 1 2 6 6 6 8 10 11 12 13 16 
0 0 1 3 0 1 2 6 6 8 15 13 12 11 10 8 
0 0 1 3 0 1 2 6 6 8 10 11 12 13 15 16 
0 0 1 3 0 1 2 6 8 14 13 12 11 10 8 8 
0 0 1 3 0 1 2 6 8 8 10 11 12 13 14 15 
0 0 1 3 0 1 2 6 8 10 11 12 13 14 15 16 
0 0 0 1 1 2 2 2 6 8 14 13 12 9 8 8 
0 0 0 1 1 2 2 2 6 8 8 9 12 13 14 15 
0 0 0 1 1 2 2 2 6 8 9 12 13 14 15 16 
0 0 0 1 1 2 2 6 6 6 8 9 11 12 15 16 
0 0 0 1 1 2 2 6 6 8 14 12 11 9 8 8 
0 0 0 1 1 2 2 6 6 8 8 9 11 12 14 15 
0 0 0 1 1 2 2 6 6 8 9 11 12 14 15 16 
0 0 0 1 1 2 2 6 8 8 8 9 11 12 13 14 
0 0 0 1 1 2 2 6 8 8 9 11 12 13 14 16 
0 0 0 1 1 2 2 6 8 9 15 14 13 12 11 9 
0 0 0 1 1 2 2 6 8 9 11 12 13 14 15 16 
0 0 0 1 1 2 6 6 6 8 9 10 11 14 15 16 
0 0 0 1 1 2 6 6 8 8 8 9 10 11 13 14 
0 0 0 1 1 2 6 6 8 8 9 10 11 13 14 16 
0 0 0 1 1 2 6 6 8 9 15 14 13 11 10 9 
0 0 0 1 1 2 6 6 8 9 10 11 13 14 15 16 
0 0 0 1 1 2 6 8 8 8 9 10 11 12 13 16 
0 0 0 1 1 2 6 8 8 9 15 13 12 11 10 9 
0 0 0 1 1 2 6 8 8 9 10 11 12 13 15 16 
0 0 0 1 1 2 6 8 9 14 13 12 11 10 9 9 
0 0 0 1 1 2 6 8 9 9 10 11 12 13 14 15 
0 0 0 1 1 2 6 8 9 10 11 12 13 14 15 16 
0 0 2 1 6 12 14 11 9 7 3 0 1 2 6 12 
0 0 2 1 6 14 11 9 7 3 0 1 2 6 12 15 
0 0 2 1 6 12 6 2 1 0 3 7 9 11 14 16 
0 0 2 1 6 6 2 1 0 3 7 9 11 14 15 16 
0 0 2 1 12 13 11 9 7 3 0 1 2 6 12 12 
0 0 2 1 13 11 9 7 3 0 1 2 6 12 12 14 
0 0 2 1 12 12 6 2 1 0 3 7 9 11 13 15 
0 0 2 1 13 14 12 6 2 1 0 3 7 9 11 13 
0 0 2 1 14 12 6 2 1 0 3 7 9 11 13 15 
0 0 2 1 12 6 2 1 0 3 7 9 11 13 15 16 
0 0 2 1 6 2 1 0 3 7 15 14 13 11 9 7 
0 0 2 1 6 2 1 0 3 7 9 11 13 14 15 16 
0 0 2 2 1 1 0 3 7 7 7 9 11 12 13 14 
0 0 2 2 1 1 0 3 7 7 9 11 12 13 14 16 
0 0 2 2 1 1 0 3 7 9 15 14 13 12 11 9 
0 0 2 2 1 1 0 3 7 9 11 12 13 14 15 16 
0 0 2 2 6 14 11 9 7 3 0 1 2 6 12 15 
0 0 2 2 6 12 6 2 1 0 3 7 9 11 14 16 
0 0 2 2 6 6 2 1 0 3 7 9 11 14 15 16 
0 0 2 2 12 13 11 9 7 3 0 1 2 6 12 12 
0 0 2 2 13 11 9 7 3 0 1 2 6 12 12 14 
0 0 2 2 12 12 6 2 1 0 3 7 9 11 13 15 
0 0 2 2 13 14 12 6 2 1 0 3 7 9 11 13 
0 0 2 2 14 12 6 2 1 0 3 7 9 11 13 15 
0 0 2 2 12 6 2 1 0 3 7 9 11 13 15 16 
0 0 2 2 6 2 1 0 3 7 15 14 13 11 9 7 
0 0 2 2 6 2 1 0 3 7 9 11 13 14 15 16 
0 0 2 2 2 1 0 3 7 7 9 11 12 13 14 16 
0 0 2 2 2 1 0 3 7 9 15 14 13 12 11 9 
0 0 2 2 2 1 0 3 7 9 11 12 13 14 15 16 
0 0 2 6 10 13 11 9 7 3 0 1 2 6 10 14 
0 0 2 6 10 10 6 2 1 0 3 7 9 11 13 16 
0 0 2 6 13 14 10 6 2 1 0 3 7 9 11 13 
0 0 2 6 14 10 6 2 1 0 3 7 9 11 13 15 
0 0 2 6 10 6 2 1 0 3 7 9 11 13 15 16 
0 0 2 6 6 2 1 0 3 7 15 14 13 11 9 7 
0 0 2 6 6 2 1 0 3 7 9 11 13 14 15 16 
0 0 2 11 10 10 12 10 6 2 1 0 3 7 9 11 
0 0 2 10 10 12 10 6 2 1 0 3 7 9 11 13 
0 0 2 10 10 10 6 2 1 0 3 7 9 11 13 16 
0 0 2 10 12 13 11 9 7 3 0 1 2 6 10 12 
0 0 2 10 13 11 9 7 3 0 1 2 6 10 12 15 
0 0 2 10 12 10 6 2 1 0 3 7 9 11 13 16 
0 0 2 10 10 6 2 1 0 3 7 9 11 13 15 16 
0 0 2 12 13 11 9 7 3 0 1 2 6 10 12 12 
0 0 2 13 11 9 7 3 0 1 2 6 10 12 12 14 
0 0 2 12 12 10 6 2 1 0 3 7 9 11 13 15 
0 0 2 13 14 12 10 6 2 1 0 3 7 9 11 13 
0 0 2 14 12 10 6 2 1 0 3 7 9 11 13 15 
0 0 2 12 10 6 2 1 0 3 7 9 11 13 15 16 
0 0 2 10 6 2 1 0 3 7 9 11 13 14 15 16 
0 0 2 6 2 1 0 3 7 7 9 11 12 13 14 15 
0 0 2 6 2 1 0 3 7 9 11 12 13 14 15 16 
0 0 2 2 1 0 3 7 7 9 15 13 12 11 10 9 
0 0 2 2 1 0 3 7 7 9 10 11 12 13 15 16 
0 0 2 2 1 0 3 7 9 14 13 12 11 10 9 9 
0 0 2 2 1 0 3 7 9 9 10 11 12 13 14 15 
0 0 2 2 1 0 3 7 9 10 11 12 13 14 15 16 
0 0 3 12 10 8 6 2 1 0 3 7 11 11 11 13 
0 0 3 11 11 11 7 3 0 1 2 6 8 10 12 14 
0 0 3 12 11 13 11 7 3 0 1 2 6 8 10 12 
0 0 3 11 13 11 7 3 0 1 2 6 8 10 12 14 
0 0 3 11 11 7 3 0 1 2 14 12 10 8 6 2 
0 0 3 11 11 7 3 0 1 2 6 8 10 12 14 16 
0 0 3 12 13 11 7 3 0 1 2 6 8 10 12 12 
0 0 3 13 14 12 10 8 6 2 1 0 3 7 11 13 
0 0 3 14 12 10 8 6 2 1 0 3 7 11 13 15 
0 0 3 13 11 7 3 0 1 2 6 8 10 12 14 16 
0 0 3 11 7 3 0 1 2 2 6 8 10 12 14 15 
0 0 3 11 7 3 0 1 2 6 8 10 12 14 15 16 
0 0 3 7 3 0 1 2 2 6 15 13 12 10 8 6 
0 0 3 7 3 0 1 2 2 6 8 10 12 13 15 16 
0 0 3 7 3 0 1 2 6 14 13 12 10 8 6 6 
0 0 3 7 3 0 1 2 6 6 8 10 12 13 14 15 
0 0 3 7 3 0 1 2 6 8 10 12 13 14 15 16 
0 0 3 3 0 1 2 2 6 6 8 10 11 13 14 16 
0 0 3 3 0 1 2 2 6 8 15 14 13 11 10 8 
0 0 3 3 0 1 2 2 6 8 10 11 13 14 15 16 
0 0 3 3 0 1 2 6 6 6 8 10 11 12 13 16 
0 0 3 3 0 1 2 6 6 8 15 13 12 11 10 8 
0 0 3 3 0 1 2 6 6 8 10 11 12 13 15 16 
0 0 3 3 0 1 2 6 8 14 13 12 11 10 8 8 
0 0 3 3 0 1 2 6 8 8 10 11 12 13 14 15 
0 0 3 3 0 1 2 6 8 10 11 12 13 14 15 16 
0 0 8 8 10 8 6 2 1 14 11 9 7 3 0 1 
0 0 8 8 14 11 9 7 3 0 1 2 6 8 10 15 
0 0 8 8 10 8 6 2 1 0 3 7 9 11 14 16 
0 0 8 8 8 6 2 1 0 3 7 9 11 14 15 16 
0 0 8 6 13 11 9 7 3 0 1 10 8 6 2 1 
0 0 8 6 13 11 9 7 3 0 1 2 6 8 10 10 
0 0 8 6 10 8 6 2 1 0 3 7 9 11 13 15 
0 0 8 8 6 6 2 1 0 3 7 9 11 13 15 16 
0 0 8 10 13 11 9 7 3 0 1 1 2 6 8 10 
0 0 8 10 10 8 6 2 1 0 3 7 9 11 13 15 
0 0 8 13 14 10 8 6 2 1 0 3 7 9 11 13 
0 0 8 14 10 8 6 2 1 0 3 7 9 11 13 15 
0 0 8 10 8 6 2 1 0 3 7 9 11 13 15 16 
0 0 8 8 6 2 1 0 3 7 9 11 13 14 15 16 
0 0 9 9 11 9 7 3 0 1 2 6 8 10 12 15 
0 0 9 9 9 7 3 0 1 2 15 12 10 8 6 2 
0 0 9 9 9 7 3 0 1 2 6 8 10 12 15 16 
0 0 9 14 12 10 8 6 2 1 0 3 7 9 11 15 
0 0 9 11 9 7 3 0 1 2 6 8 10 12 14 16 
0 0 9 9 7 3 0 1 2 2 6 8 10 12 14 15 
0 0 9 9 7 3 0 1 2 6 8 10 12 14 15 16 
0 0 12 13 11 9 7 3 0 1 2 6 8 10 12 12 
0 0 12 12 10 8 6 2 1 0 3 7 9 11 13 15 
0 0 13 14 12 10 8 6 2 1 0 3 7 9 11 13 
0 0 14 12 10 8 6 2 1 0 3 7 9 11 13 15 
0 0 13 11 9 7 3 0 1 2 6 8 10 12 14 16 
0 0 12 10 8 6 2 1 15 13 11 9 7 3 0 1 
0 0 12 10 8 6 15 13 11 9 7 3 0 1 2 6 
0 0 12 10 15 13 11 9 7 3 0 1 2 6 8 10 
0 0 11 9 7 3 0 1 2 15 14 12 10 8 6 2 
0 0 11 9 7 3 0 1 2 6 8 10 12 14 15 16 
0 0 10 8 6 13 11 9 7 3 0 1 1 2 6 6 
0 0 10 13 11 9 7 3 0 1 1 2 6 6 8 10 
0 0 10 13 11 9 7 3 0 1 1 2 6 8 10 10 
0 0 10 13 11 9 7 3 0 1 2 6 6 8 10 10 
0 0 9 7 3 0 1 2 2 6 8 10 12 13 14 16 
0 0 9 7 3 0 1 2 6 15 14 13 12 10 8 6 
0 0 9 7 3 0 1 2 6 8 10 12 13 14 15 16 
0 0 7 3 0 1 2 2 6 6 8 10 11 12 14 15 
0 0 7 3 0 1 2 2 6 8 10 11 12 14 15 16 
0 0 7 3 0 1 2 6 6 8 10 11 12 13 14 16 
0 0 7 3 0 1 2 6 8 15 14 13 12 11 10 8 
0 0 7 3 0 1 2 6 8 10 11 12 13 14 15 16 
0 0 3 0 1 2 2 6 6 8 15 13 12 10 9 8 
0 0 3 0 1 2 2 6 6 8 9 10 12 13 15 16 
0 0 3 0 1 2 2 6 8 8 9 10 12 13 14 15 
0 0 3 0 1 2 2 6 8 9 10 12 13 14 15 16 
0 0 3 0 1 2 6 6 8 8 9 10 11 12 14 15 
0 0 3 0 1 2 6 6 8 9 10 11 12 14 15 16 
0 0 3 0 1 2 6 8 8 9 10 11 12 13 14 16 
0 0 3 0 1 2 6 8 9 15 14 13 12 11 10 9 
0 0 3 0 1 2 6 8 9 10 11 12 13 14 15 16 
0 0 0 1 2 2 6 6 7 7 8 10 11 13 14 16 
0 0 0 1 2 2 6 6 7 8 15 14 13 11 10 8 
0 0 0 1 2 2 6 6 7 8 10 11 13 14 15 16 
0 0 0 1 2 2 6 7 7 8 15 13 12 11 10 8 
0 0 0 1 2 2 6 7 7 8 10 11 12 13 15 16 
0 0 0 1 2 2 6 7 8 8 10 11 12 13 14 15 
0 0 0 1 2 2 6 7 8 10 11 12 13 14 15 16 
0 0 0 1 2 6 6 7 7 8 15 13 12 10 9 8 
0 0 0 1 2 6 6 7 7 8 9 10 12 13 15 16 
0 0 0 1 2 6 6 7 8 8 9 10 12 13 14 15 
0 0 0 1 2 6 6 7 8 9 10 12 13 14 15 16 
0 0 0 1 2 6 7 7 8 8 9 10 11 12 14 15 
0 0 0 1 2 6 7 7 8 9 10 11 12 14 15 16 
0 0 0 1 2 6 7 8 8 9 10 11 12 13 14 16 
0 0 0 1 2 6 7 8 9 15 14 13 12 11 10 9 
0 0 0 1 2 6 7 8 9 10 11 12 13 14 15 16 
0 1 3 8 12 10 7 5 2 1 0 3 8 11 11 14 
0 1 3 8 11 11 8 3 0 1 2 5 7 10 12 15 
0 1 3 8 12 14 11 8 3 0 1 2 5 7 10 12 
0 1 3 8 14 11 8 3 0 1 2 5 7 10 12 15 
0 1 3 8 11 8 3 0 1 2 5 7 10 12 15 16 
0 1 3 8 8 3 0 1 2 5 15 14 12 10 7 5 
0 1 3 8 8 3 0 1 2 5 7 10 12 14 15 16 
0 1 3 12 11 13 11 8 3 0 1 2 5 7 10 12 
0 1 3 11 13 11 8 3 0 1 2 5 7 10 12 14 
0 1 3 11 11 8 3 0 1 2 5 7 10 12 14 16 
0 1 3 13 14 12 10 7 5 2 1 0 3 8 11 13 
0 1 3 14 12 10 7 5 2 1 0 3 8 11 13 15 
0 1 3 13 11 8 3 0 1 2 5 7 10 12 14 16 
0 1 3 11 8 3 0 1 2 5 7 10 12 14 15 16 
0 1 3 8 3 0 1 2 5 5 7 10 12 13 14 15 
0 1 3 8 3 0 1 2 5 7 10 12 13 14 15 16 
0 1 3 3 0 1 2 5 5 7 15 13 12 11 10 7 
0 1 3 3 0 1 2 5 5 7 10 11 12 13 15 16 
0 1 3 3 0 1 2 5 7 7 10 11 12 13 14 15 
0 1 3 3 0 1 2 5 7 10 11 12 13 14 15 16 
0 1 8 10 13 10 8 3 0 1 2 5 7 9 11 14 
0 1 8 10 10 8 3 0 1 2 5 7 9 11 14 16 
0 1 8 13 14 11 9 7 5 2 1 0 3 8 10 13 
0 1 8 14 11 9 7 5 2 1 0 3 8 10 13 15 
0 1 8 13 10 8 3 0 1 2 5 7 9 11 14 16 
0 1 8 10 8 3 0 1 2 5 7 9 11 14 15 16 
0 1 8 8 3 0 1 2 5 5 7 9 11 13 14 15 
0 1 8 8 3 0 1 2 5 7 9 11 13 14 15 16 
0 1 10 12 13 11 9 7 5 2 1 0 3 8 10 12 
0 1 10 13 11 9 7 5 2 1 0 3 8 10 12 15 
0 1 10 12 10 8 3 0 1 2 5 7 9 11 13 16 
0 1 10 10 8 3 0 1 2 5 7 9 11 13 15 16 
0 1 13 11 9 7 5 2 1 0 3 8 10 12 12 14 
0 1 12 12 10 8 3 0 1 2 5 7 9 11 13 15 
0 1 13 14 12 10 8 3 0 1 2 5 7 9 11 13 
0 1 14 12 10 8 3 0 1 2 5 7 9 11 13 15 
0 1 12 10 8 3 0 1 2 5 7 9 11 13 15 16 
0 1 10 8 3 0 1 2 5 15 14 13 11 9 7 5 
0 1 10 8 3 0 1 2 5 7 9 11 13 14 15 16 
0 1 8 3 0 1 2 5 5 7 9 11 12 13 14 16 
0 1 8 3 0 1 2 5 7 15 14 13 12 11 9 7 
0 1 8 3 0 1 2 5 7 9 11 12 13 14 15 16 
0 1 3 0 1 2 5 5 7 9 10 11 12 14 15 16 
0 1 3 0 1 2 5 7 7 9 10 11 12 13 14 16 
0 1 3 0 1 2 5 7 9 15 14 13 12 11 10 9 
0 1 3 0 1 2 5 7 9 10 11 12 13 14 15 16 
0 0 1 1 2 5 5 7 8 8 9 10 12 13 14 15 
0 0 1 1 2 5 5 7 8 9 10 12 13 14 15 16 
0 0 1 1 2 5 7 7 8 9 10 11 12 14 15 16 
0 0 1 1 2 5 7 8 8 9 10 11 12 13 14 16 
0 0 1 1 2 5 7 8 9 15 14 13 12 11 10 9 
0 0 1 1 2 5 7 8 9 10 11 12 13 14 15 16 
0 5 11 13 11 7 5 2 1 0 3 6 8 10 12 14 
0 5 11 11 7 5 2 1 0 3 6 8 10 12 14 16 
0 5 13 14 12 10 8 6 3 0 1 2 5 7 11 13 
0 5 14 12 10 8 6 3 0 1 2 5 7 11 13 15 
0 5 13 11 7 5 2 1 0 3 6 8 10 12 14 16 
0 5 11 7 5 2 1 0 3 6 8 10 12 14 15 16 
0 5 7 5 2 1 0 3 6 15 14 13 12 10 8 6 
0 5 7 5 2 1 0 3 6 8 10 12 13 14 15 16 
0 5 5 2 1 0 3 6 15 14 13 12 11 10 8 6 
0 5 5 2 1 0 3 6 8 10 11 12 13 14 15 16 
0 6 13 11 9 7 5 2 1 0 3 6 8 12 12 14 
0 6 12 12 8 6 3 0 1 2 5 7 9 11 13 15 
0 6 14 12 8 6 3 0 1 2 5 7 9 11 13 15 
0 6 12 8 6 3 0 1 2 15 13 11 9 7 5 2 
0 6 12 8 6 3 0 1 2 5 7 9 11 13 15 16 
0 6 8 6 3 0 1 2 5 7 9 11 13 14 15 16 
0 6 6 3 0 1 2 5 7 15 14 13 12 11 9 7 
0 6 6 3 0 1 2 5 7 9 11 12 13 14 15 16 
0 9 14 12 10 8 6 3 0 1 2 5 7 9 11 15 
0 9 11 9 7 5 2 1 0 3 6 8 10 12 14 16 
0 9 9 7 5 2 1 0 3 6 8 10 12 14 15 16 
0 10 12 10 8 6 3 0 1 2 5 7 9 11 13 15 
0 10 10 8 6 3 0 1 2 15 13 11 9 7 5 2 
0 10 10 8 6 3 0 1 2 5 7 9 11 13 15 16 
0 13 14 12 10 8 6 3 0 1 2 5 7 9 11 13 
0 14 12 10 8 6 3 0 1 2 5 7 9 11 13 15 
0 13 11 9 7 5 2 1 0 3 6 8 10 12 14 16 
0 12 10 8 6 3 0 1 2 5 7 9 11 13 15 16 
0 10 8 6 3 0 1 2 5 7 9 11 13 14 15 16 
0 8 6 3 0 1 2 5 7 9 11 12 13 14 15 16 
0 6 3 0 1 2 5 7 9 10 11 12 13 14 15 16 
0 3 0 1 2 5 7 8 9 10 11 12 13 14 15 16 
0 0 1 2 5 6 7 8 9 10 11 12 13 14 15 16 
14 12 10 8 6 4 2 1 0 3 5 7 9 11 13 15 
1 1 1 1 1 1 1 1 1 1 1 1 1 1 1 1 
